0.000000000000000000e+00 9.334044133820086353e-01 -6.659558661799140633e-02
5.072463768115942351e+00 9.419688106229171520e-01 4.930945713163555066e-03
1.014492753623188470e+01 8.213746415308620374e-01 -5.666531874376772721e-02
1.521739130434782794e+01 8.864875096017391654e-01 6.373081992055532052e-02
2.028985507246376940e+01 8.449010741644318312e-01 7.394690232535844343e-02
2.536231884057971087e+01 7.897241353293475985e-01 6.731088420599498634e-02
3.043478260869565588e+01 6.810613280028725569e-01 4.132757587732609032e-03
3.550724637681159379e+01 5.900717804344620676e-01 -4.423592188375261025e-02
4.057971014492753881e+01 6.299163179683194835e-01 3.554598289224805696e-02
4.565217391304348382e+01 5.975000097997886783e-01 4.055250005441192462e-02
5.072463768115942173e+01 5.478228654496309913e-01 2.594196005101887664e-02
5.579710144927536675e+01 5.166369062386512168e-01 2.761473690676668688e-02
6.086956521739131176e+01 3.880865582034251915e-01 -7.014573124085990430e-02
6.594202898550724967e+01 4.609476609607099928e-01 3.156665482712883719e-02
7.101449275362318758e+01 3.937392190120796442e-01 -8.607042208133139707e-03
7.608695652173913970e+01 3.730930096121682360e-01 -3.920671956041889457e-03
8.115942028985507761e+01 2.789465700857757247e-01 -7.432952513266567751e-02
8.623188405797101552e+01 2.107423979127560076e-01 -1.202906800743872018e-01
9.130434782608696764e+01 2.800410573287035465e-01 -3.014947128287306932e-02
9.637681159420290555e+01 2.520223287484605890e-01 -3.863794189695894665e-02
1.014492753623188435e+02 3.004693836006158136e-01 2.810970418094072693e-02
1.065217391304347956e+02 3.325484329430131725e-01 7.733710045209593598e-02
1.115942028985507335e+02 2.050606279408978549e-01 -3.408205415716455272e-02
1.166666666666666714e+02 2.664747764975757272e-01 4.238902825561536442e-02
1.217391304347826235e+02 1.810549604704982385e-01 -2.892187061885284627e-02
1.268115942028985614e+02 1.267951263998909339e-01 -6.996111508459061656e-02
1.318840579710144993e+02 2.452150385942324928e-01 6.084699016594601745e-02
1.369565217391304373e+02 2.345289250586404250e-01 6.176908260182076282e-02
1.420289855072463752e+02 1.632473520746944573e-01 1.364838156810779368e-03
1.471014492753623415e+02 1.373848712481446632e-01 -1.430517395969249997e-02
1.521739130434782794e+02 1.862527804467005166e-01 4.411346435708476954e-02
1.572463768115942173e+02 1.273466757967312291e-01 -5.843245471614914172e-03
1.623188405797101552e+02 1.289467414795239797e-01 4.142742026734718211e-03
1.673913043478260931e+02 1.121063589533810023e-01 -4.839714226058698839e-03
1.724637681159420310e+02 9.918963279218788454e-02 -1.039326592945415129e-02
1.775362318840579690e+02 8.213918223454241829e-03 -9.446940722529498236e-02
1.826086956521739353e+02 2.280168758115384553e-01 1.317987117712091649e-01
1.876811594202898732e+02 8.647718702857948303e-02 -3.682875969307122799e-03
1.927536231884058111e+02 2.361751029301568938e-02 -6.086588263865286286e-02
1.978260869565217490e+02 1.043478476286145568e-01 2.518370949559207983e-02
2.028985507246376869e+02 1.638193110983170997e-01 8.963951612472892405e-02
2.079710144927536248e+02 1.623256930431437456e-02 -5.327670739717998288e-02
2.130434782608695912e+02 1.149756854440987797e-01 4.984286121230926264e-02
2.181159420289855291e+02 4.015149790893387388e-02 -2.088042464476447257e-02
2.231884057971014670e+02 8.745529573743812679e-02 3.026607333638317576e-02
2.282608695652174049e+02 8.667088890446811300e-02 3.308242204993452895e-02
2.333333333333333428e+02 1.600122065214890782e-02 -3.421320191301033958e-02
2.384057971014492807e+02 1.186840332446891105e-01 7.163121793655613523e-02
2.434782608695652470e+02 -4.504927439267154138e-02 -8.913954398699741599e-02
2.485507246376811850e+02 -4.357057653401261860e-02 -8.488482861797516654e-02
2.536231884057971229e+02 1.093518087240864245e-01 7.063879016098681407e-02
2.586956521739130608e+02 2.031032701542260024e-02 -1.596523724315591572e-02
2.637681159420289987e+02 -2.846625929176158087e-03 -3.683820321043114465e-02
2.688405797101449366e+02 2.620733445263428996e-02 -5.644060547907787939e-03
2.739130434782608745e+02 1.696969139932795467e-02 -1.287627176637719251e-02
2.789855072463768124e+02 5.865787629133267789e-02 3.069107869036517833e-02
2.840579710144927503e+02 8.750499395075388154e-02 6.129904563838006748e-02
2.891304347826086882e+02 9.221925495743524270e-02 6.766328910287312814e-02
2.942028985507246830e+02 6.705443446681583208e-02 4.404456465166015772e-02
2.992753623188406209e+02 -3.883284551247670469e-02 -6.039396479592157307e-02
3.043478260869565588e+02 7.596673045384214062e-02 5.576314527541845201e-02
3.094202898550724967e+02 7.533282140546621042e-02 5.640129708635371886e-02
3.144927536231884346e+02 -9.530722339074740312e-02 -1.130467785182156515e-01
3.195652173913043725e+02 8.763739085119987005e-02 7.101475599010814710e-02
3.246376811594203105e+02 2.834942148875862003e-02 1.277338320934680131e-02
3.297101449275362484e+02 1.044402465182046047e-01 8.984490886511195540e-02
3.347826086956521863e+02 2.339137960574412534e-02 9.714995573653260885e-03
3.398550724637681242e+02 9.538349198519308070e-02 8.256820229207680051e-02
3.449275362318840621e+02 1.656487775767722520e-03 -1.035192391646993192e-02
3.500000000000000000e+02 4.495825052206451483e-02 3.370591406901282672e-02
