0.701467777091 0.000557698399189
0.701467777091 0.000581075202492
0.701467777091 0.000605962377655
0.701467777091 0.000632493759177
0.701467777091 0.000660818445807
0.701467777091 0.000691102954254
0.701467777091 0.000723533738852
0.701467777091 0.000758320150644
0.701467777091 0.000795697926523
0.701467777091 0.000835933320863
0.701467777091 0.000879328019963
0.701467777091 0.000926225015409
0.701467777091 0.000977015658958
0.701467777091 0.00103214818213
0.701467777091 0.00109213804356
0.701467777091 0.00115758057328
0.701467777091 0.0012291665252
0.701467777091 0.00130770134226
0.701467777091 0.00139412920263
0.701467777091 0.00148956328255
0.701467777091 0.00159532418779
0.701467777091 0.00171298924309
0.701467777091 0.00184445640282
0.701467777091 0.00199202814462
0.701467777091 0.00215852318436
0.701467777091 0.00234742802582
0.701467777091 0.00256310884118
0.701467777091 0.0028111272464
0.701467777091 0.00309878404114
0.701467777091 0.00343632466381
0.701467777091 0.00384041234332
0.701467777091 0.00434561306911
0.701467777091 0.00504292412457
0.701467777091 0.00620254981491
0.701467777091 0.00863424414258
0.701467777091 0.0146413448452
0.701467777091 0.0302304490965
0.701467777091 0.0692462616152
0.701467777091 0.157893728126
0.701467777091 0.329087115201
0.701467777091 0.583664932165
0.701467777091 0.834463305506
0.701467777091 0.967756193539
0.701467777091 0.997729587505
0.701467777091 0.999954892289
0.701467777091 0.999999760193
0.701467777091 0.999999999547
0.701467777091 0.999999999999
0.701467777091 1.0
0.701467777091 1.0
0.701467777091 1.0
0.701467777091 1.0
0.701467777091 1.0
0.701467777091 0.999999999999
0.701467777091 0.999999999547
0.701467777091 0.999999760157
0.701467777091 0.999954887072
0.701467777091 0.997729401153
0.701467777091 0.967754487233
0.701467777091 0.834458144637
0.701467777091 0.583657905735
0.701467777091 0.329081442228
0.701467777091 0.157890383528
0.701467777091 0.0692445893473
0.701467777091 0.0302296464584
0.701467777091 0.014640925012
0.701467777091 0.00863397926148
0.701467777091 0.00620234739913
0.701467777091 0.00504274977279
0.701467777091 0.00434545442462
0.701467777091 0.00384026472626
0.701467777091 0.00343618594702
0.701467777091 0.00309865297153
0.701467777091 0.0028110029215
0.701467777091 0.00256299054214
0.701467777091 0.00234731515508
0.701467777091 0.00215841523514
0.701467777091 0.00199192468182
0.701467777091 0.00184435704939
0.701467777091 0.0017128936697
0.701467777091 0.00159523210477
0.701467777091 0.00148947443357
0.701467777091 0.00139404335962
0.701467777091 0.00130761830125
0.701467777091 0.00122908610293
0.701467777091 0.00115750260445
0.701467777091 0.0010920623785
0.701467777091 0.00103207468478
0.701467777091 0.000976944205294
0.701467777091 0.000926155492005
0.701467777091 0.000879260322793
0.701467777091 0.000835867354273
0.701467777091 0.000795633602334
0.701467777091 0.000758257387385
0.701467777091 0.000723472461078
0.701467777091 0.00069104309196
0.701467777091 0.000660759933909
0.701467777091 0.000632436537051
0.701467777091 0.000605906388735
0.701467777091 0.000581020393911
0.701467777091 0.000557644721457
0.701467777091 0.000535658956614
0.701467777091 0.000514954510518
0.701467777091 0.00049543324654
0.701467777091 0.000477006290135
0.701467777091 0.000459592994572
0.701467777091 0.000443120039542
0.701467777091 0.000427520643394
0.701467777091 0.000412733872861
0.701467777091 0.000398704036657
0.701467777091 0.000385380151468
0.701467777091 0.000372715470579
0.701467777091 0.000360667066854
0.701467777091 0.000349195462989
0.701467777091 0.000338264303007
0.701467777091 0.000327840059788
0.701467777091 0.000317891774176
0.701467777091 0.000308390821821
0.701467777091 0.000299310704419
0.701467777091 0.000290626862468
0.701467777091 0.000282316507041
0.701467777091 0.000274358468388
0.701467777091 0.000266733059469
0.701467777091 0.000259421952752
0.701467777091 0.000252408068819
0.701467777091 0.000245675475507
0.701467777091 0.000239209296445
0.701467777091 0.000232995628012
0.701467777091 0.000227021463831
0.701467777091 0.000221274626027
0.701467777091 0.000215743702563
0.701467777091 0.000210417990053
0.701467777091 0.000205287441499
0.701467777091 0.000200342618483
0.701467777091 0.00019557464738
0.701467777091 0.000190975179207
0.701467777091 0.00018653635277
0.701467777091 0.000182250760803
0.701467777091 0.000178111418822
0.701467777091 0.000174111736447
0.701467777091 0.00017024549097
0.701467777091 0.000166506802977
0.701467777091 0.000162890113835
0.701467777091 0.000159390164881
0.701467777091 0.00015600197818
0.701467777091 0.000152720838707
0.701467777091 0.000149542277829
0.701467777091 0.000146462057998
0.701467777091 0.000143476158539
0.701467777091 0.000140580762445
0.701467777091 0.000137772244108
0.701467777091 0.000135047157898
0.701467777091 0.000132402227541
0.701467777091 0.000129834336209
0.701467777091 0.000127340517288
0.701467777091 0.000124917945768
0.701467777091 0.000122563930193
0.701467777091 0.000120275905153
0.701467777091 0.000118051424254
0.701467777091 0.000115888153549
0.701467777091 0.000113783865383
0.701467777091 0.000111736432632
0.701467777091 0.000109743823304
0.701467777091 0.000107804095468
0.701467777091 0.000105915392507
0.701467777091 0.000104075938655
0.701467777091 0.000102284034798
0.701467777091 0.000100538054543
0.701467777091 9.88364405035e-05
0.701467777091 9.71777008172e-05
0.701467777091 9.55604058607e-05
0.701467777091 9.39831851571e-05
0.701467777091 9.24447244611e-05
0.701467777091 9.09437630106e-05
0.701467777091 8.94790909335e-05
0.701467777091 8.80495468012e-05
0.701467777091 8.66540153168e-05
0.701467777091 8.52914251326e-05
0.701467777091 8.39607467858e-05
0.701467777091 8.26609907478e-05
0.701467777091 8.13912055778e-05
0.701467777091 8.01504761762e-05
0.701467777091 7.89379221297e-05
0.701467777091 7.77526961446e-05
0.701467777091 7.65939825622e-05
0.701467777091 7.54609959502e-05
0.701467777091 7.43529797682e-05
0.701467777091 7.32692051004e-05
0.701467777091 7.22089694534e-05
0.701467777091 7.11715956139e-05
0.701467777091 7.0156430565e-05
0.701467777091 6.91628444545e-05
0.701467777091 6.81902296158e-05
0.701467777091 6.7237999636e-05
0.701467777091 6.63055884692e-05
0.701467777091 6.53924495934e-05
0.701467777091 6.44980552071e-05
0.701467777091 6.36218954652e-05
0.701467777091 6.27634777495e-05
0.701467777091 6.19223259753e-05
0.701467777091 6.10979799296e-05
0.701467777091 6.0289994639e-05
0.701467777091 5.94979397692e-05
0.701467777091 5.87213990494e-05
0.701467777091 5.79599697247e-05
0.701467777091 5.72132620321e-05
0.701467777091 5.64808987014e-05
0.701467777091 5.57625144763e-05
0.701467777091 5.50577556592e-05
0.701467777091 5.43662796738e-05
0.701467777091 5.36877546486e-05
0.701467777091 5.30218590176e-05
0.701467777091 5.23682811382e-05
0.701467777091 5.17267189261e-05
0.701467777091 5.10968795053e-05
0.701467777091 5.04784788734e-05
0.701467777091 4.98712415805e-05
0.701467777091 4.92749004221e-05
0.701467777091 4.86891961442e-05
0.701467777091 4.81138771613e-05
0.701467777091 4.75486992856e-05
0.701467777091 4.69934254674e-05
0.701467777091 4.6447825546e-05
0.701467777091 4.59116760105e-05
0.701467777091 4.53847597713e-05
0.701467777091 4.48668659389e-05
0.701467777091 4.43577896129e-05
0.701467777091 4.38573316793e-05
0.701467777091 4.33652986153e-05
0.701467777091 4.28815023011e-05
0.701467777091 4.24057598414e-05
0.701467777091 4.19378933904e-05
0.701467777091 4.14777299865e-05
0.701467777091 4.1025101392e-05
0.701467777091 4.0579843939e-05
0.701467777091 4.01417983806e-05
0.701467777091 3.97108097495e-05
0.701467777091 3.92867272194e-05
0.701467777091 3.88694039739e-05
0.701467777091 3.84586970787e-05
0.701467777091 3.80544673589e-05
0.701467777091 3.76565792815e-05
0.701467777091 3.72649008409e-05
0.701467777091 3.68793034496e-05
0.701467777091 3.64996618328e-05
0.701467777091 3.6125853926e-05
0.701467777091 3.57577607768e-05
0.701467777091 3.53952664506e-05
0.701467777091 3.50382579385e-05
0.701467777091 3.46866250697e-05
0.701467777091 3.43402604259e-05
0.701467777091 3.39990592596e-05
0.701467777091 3.36629194144e-05
0.701467777091 3.33317412486e-05
0.701467777091 3.30054275616e-05
0.701467777091 3.26838835215e-05
0.701467777091 3.23670165975e-05
0.701467777091 3.20547364919e-05
0.701467777091 3.17469550766e-05
0.701467777091 3.14435863303e-05
0.701467777091 3.11445462789e-05
0.701467777091 3.08497529368e-05
0.701467777091 3.05591262505e-05
0.701467777091 3.0272588045e-05
0.701467777091 2.99900619701e-05
0.701467777091 2.97114734507e-05
0.701467777091 2.94367496362e-05
0.701467777091 2.91658193537e-05
0.701467777091 2.8898613062e-05
0.701467777091 2.86350628059e-05
0.701467777091 2.83751021742e-05
0.701467777091 2.81186662568e-05
0.701467777091 2.78656916047e-05
0.701467777091 2.76161161905e-05
0.701467777091 2.73698793706e-05
0.701467777091 2.71269218476e-05
0.701467777091 2.68871856357e-05
0.701467777091 2.6650614025e-05
0.701467777091 2.64171515486e-05
0.701467777091 2.61867439496e-05
0.701467777091 2.595933815e-05
0.701467777091 2.57348822197e-05
0.701467777091 2.55133253471e-05
0.701467777091 2.529461781e-05
0.701467777091 2.50787109481e-05
0.701467777091 2.48655571357e-05
0.701467777091 2.46551097549e-05
0.701467777091 2.44473231714e-05
0.701467777091 2.42421527081e-05
0.701467777091 2.40395546225e-05
0.701467777091 2.38394860823e-05
0.701467777091 2.36419051435e-05
0.701467777091 2.34467707279e-05
0.701467777091 2.32540426017e-05
0.701467777091 2.30636813555e-05
0.701467777091 2.28756483831e-05
0.701467777091 2.26899058625e-05
0.701467777091 2.2506416737e-05
0.701467777091 2.23251446959e-05
0.701467777091 2.21460541578e-05
