0,-1.5165,0.6879,0.051749
2,-1.5267,0.6648,0.051458
4,-1.5367,0.64154,0.051168
6,-1.5463,0.61787,0.051168
8,-1.5556,0.59432,0.050877
10,-1.5644,0.57064,0.050587
12,-1.573,0.54654,0.050296
14,-1.5802,0.52229,0.049975
16,-1.5879,0.49824,0.049685
18,-1.5954,0.47379,0.049394
20,-1.6015,0.44925,0.048784
22,-1.6082,0.4246,0.048494
24,-1.6145,0.40014,0.048203
26,-1.6194,0.37507,0.047884
28,-1.625,0.35044,0.047304
30,-1.6292,0.32525,0.046986
32,-1.633,0.30001,0.046668
34,-1.6374,0.2749,0.046088
36,-1.6405,0.24957,0.045771
38,-1.6441,0.22434,0.045191
40,-1.6464,0.19895,0.044875
42,-1.6483,0.17353,0.044269
44,-1.6498,0.14811,0.043953
46,-1.6509,0.12268,0.043349
48,-1.6516,0.096966,0.042745
50,-1.6529,0.071589,0.042457
52,-1.6528,0.045879,0.041854
54,-1.6524,0.020477,0.041252
56,-1.6515,-0.0051883,0.04065
58,-1.6492,-0.030803,0.040025
60,-1.6476,-0.056383,0.039425
62,-1.6455,-0.081918,0.038826
64,-1.643,-0.1074,0.038228
66,-1.6402,-0.13312,0.037631
68,-1.6369,-0.15848,0.037034
70,-1.6323,-0.18395,0.036415
72,-1.6282,-0.20944,0.03582
74,-1.6237,-0.23485,0.035226
76,-1.6179,-0.26001,0.034611
78,-1.6126,-0.28522,0.034018
80,-1.6059,-0.31042,0.03312
82,-1.5999,-0.3354,0.032529
84,-1.5924,-0.36033,0.031919
86,-1.5856,-0.38534,0.031045
88,-1.5773,-0.40998,0.030439
90,-1.5687,-0.43444,0.029833
92,-1.5606,-0.4593,0.028963
94,-1.5512,-0.48343,0.02836
96,-1.5413,-0.50765,0.027476
98,-1.532,-0.53201,0.026893
100,-1.5213,-0.55613,0.026011
102,-1.5104,-0.57977,0.025132
104,-1.4989,-0.60346,0.024537
106,-1.4871,-0.62694,0.023662
108,-1.4749,-0.65019,0.022788
110,-1.4623,-0.67321,0.022198
112,-1.4493,-0.69625,0.021329
114,-1.436,-0.71879,0.020461
116,-1.4223,-0.74133,0.019596
118,-1.408,-0.76386,0.019012
120,-1.3936,-0.78588,0.018151
122,-1.3786,-0.80787,0.017292
124,-1.3634,-0.82958,0.016434
126,-1.3477,-0.85101,0.015579
128,-1.3318,-0.87215,0.014726
130,-1.3145,-0.89266,0.013866
132,-1.2977,-0.91341,0.013018
134,-1.2806,-0.93385,0.012172
136,-1.263,-0.95419,0.011328
138,-1.2444,-0.97359,0.010479
140,-1.2261,-0.99326,0.0096394
142,-1.2076,-1.0126,0.008802
144,-1.1879,-1.0311,0.0079616
146,-1.1686,-1.05,0.0071289
148,-1.149,-1.0684,0.0062984
150,-1.1284,-1.0859,0.005193
152,-1.108,-1.1038,0.0043675
154,-1.0867,-1.1206,0.0035418
156,-1.0656,-1.1379,0.002721
158,-1.0436,-1.1541,0.001901
160,-1.022,-1.1707,0.00081367
162,-1.0001,-1.1868,0
164,-0.97713,-1.2019,-0.00081105
166,-0.95394,-1.2166,-0.001619
168,-0.93114,-1.2316,-0.0026948
170,-0.9073,-1.2456,-0.0034964
172,-0.88383,-1.2599,-0.0042977
174,-0.85958,-1.2729,-0.0053616
176,-0.83547,-1.2865,-0.0061579
178,-0.81062,-1.2988,-0.0069474
180,-0.78588,-1.3116,-0.0077389
182,-0.76068,-1.3229,-0.0087891
184,-0.73486,-1.3339,-0.0095692
186,-0.70959,-1.3453,-0.010353
188,-0.68347,-1.3554,-0.011392
190,-0.65721,-1.365,-0.012163
192,-0.63101,-1.3751,-0.012939
194,-0.60426,-1.3838,-0.013968
196,-0.57779,-1.3928,-0.014739
198,-0.55058,-1.4006,-0.015497
200,-0.52328,-1.4078,-0.016253
202,-0.49623,-1.4154,-0.017278
204,-0.46852,-1.4217,-0.018028
206,-0.44105,-1.4283,-0.018786
208,-0.41297,-1.4336,-0.01953
210,-0.38484,-1.4383,-0.02027
212,-0.35693,-1.4434,-0.021281
214,-0.32849,-1.447,-0.022015
216,-0.30024,-1.4511,-0.022761
218,-0.27152,-1.4537,-0.023489
220,-0.24298,-1.4567,-0.024231
222,-0.21428,-1.4581,-0.024953
224,-0.18574,-1.46,-0.02569
226,-0.15659,-1.4604,-0.026407
228,-0.12784,-1.4612,-0.027139
230,-0.098792,-1.4604,-0.02785
232,-0.069876,-1.46,-0.028577
234,-0.040729,-1.4581,-0.029282
236,-0.011695,-1.4566,-0.030005
238,0.017252,-1.4536,-0.030704
240,0.046357,-1.4509,-0.031422
242,0.075363,-1.4477,-0.031885
244,0.10419,-1.4429,-0.032576
246,0.13319,-1.4385,-0.033287
248,0.16206,-1.4335,-0.033745
250,0.19103,-1.4279,-0.034452
252,0.21968,-1.4207,-0.034883
254,0.2483,-1.4139,-0.035586
256,0.27697,-1.4065,-0.036037
258,0.30545,-1.3986,-0.036736
260,0.33371,-1.39,-0.037184
262,0.362,-1.3808,-0.03763
264,0.39005,-1.3711,-0.038075
266,0.41809,-1.3607,-0.038518
268,0.44586,-1.3497,-0.03896
270,0.47336,-1.3382,-0.039401
272,0.50057,-1.3261,-0.03984
274,0.52771,-1.3134,-0.040278
276,0.55453,-1.3001,-0.040715
278,0.58104,-1.2863,-0.04115
280,0.60786,-1.2727,-0.041367
282,0.63391,-1.2577,-0.0418
284,0.6596,-1.2421,-0.042231
286,0.68562,-1.2268,-0.042447
288,0.71078,-1.21,-0.042631
290,0.73606,-1.1936,-0.04309
292,0.76042,-1.1759,-0.043273
294,0.78512,-1.1583,-0.043487
296,0.80864,-1.1396,-0.043668
298,0.83252,-1.121,-0.043881
300,0.85615,-1.1018,-0.044093
302,0.87916,-1.0822,-0.044305
304,0.90126,-1.0612,-0.044241
306,0.92353,-1.0406,-0.044452
308,0.94533,-1.0194,-0.044663
310,0.96665,-0.99785,-0.044631
312,0.98764,-0.97565,-0.044599
314,1.0081,-0.953,-0.044809
316,1.0281,-0.92994,-0.044776
318,1.0481,-0.90729,-0.044776
320,1.0672,-0.8832,-0.044744
322,1.0856,-0.85889,-0.044712
324,1.1042,-0.83481,-0.044712
326,1.1217,-0.80956,-0.044438
328,1.1384,-0.78413,-0.044406
330,1.1555,-0.75871,-0.044406
332,1.172,-0.73291,-0.044165
334,1.1871,-0.70625,-0.044133
336,1.2023,-0.67998,-0.043892
338,1.2171,-0.65316,-0.043651
340,1.2313,-0.62603,-0.04341
342,1.244,-0.59816,-0.043137
344,1.2569,-0.57044,-0.042896
346,1.2693,-0.54245,-0.042656
348,1.281,-0.51418,-0.042415
350,1.293,-0.48602,-0.041963
352,1.3035,-0.45725,-0.041722
354,1.3133,-0.42825,-0.04124
356,1.3225,-0.39904,-0.040999
358,1.332,-0.3699,-0.040546
360,1.3398,-0.34052,-0.040305
362,1.347,-0.31074,-0.039822
364,1.3546,-0.28102,-0.039368
366,1.3605,-0.25116,-0.038885
368,1.3667,-0.22111,-0.03843
370,1.3722,-0.19115,-0.037974
372,1.3761,-0.16093,-0.037249
374,1.3803,-0.13072,-0.036791
376,1.3839,-0.10041,-0.036334
378,1.3868,-0.07025,-0.035633
380,1.389,-0.039768,-0.035173
382,1.3905,-0.0094653,-0.034471
384,1.3914,0.020887,-0.03401
386,1.3917,0.051273,-0.033305
388,1.3912,0.081679,-0.032599
390,1.3911,0.11217,-0.032159
392,1.3894,0.14235,-0.03145
394,1.387,0.17251,-0.030741
396,1.3839,0.20263,-0.030031
398,1.3812,0.23263,-0.02934
400,1.3769,0.26265,-0.028627
402,1.3729,0.29257,-0.027933
404,1.3673,0.3222,-0.027218
406,1.3621,0.35175,-0.026274
408,1.3562,0.38121,-0.025574
410,1.3488,0.4103,-0.024854
412,1.3416,0.43955,-0.023904
414,1.3339,0.46845,-0.023197
416,1.3256,0.49722,-0.022489
418,1.3158,0.52548,-0.021515
420,1.3062,0.55393,-0.020803
422,1.2962,0.58199,-0.01984
424,1.2855,0.60987,-0.019123
426,1.2744,0.63734,-0.018155
428,1.2627,0.6646,-0.017434
430,1.2504,0.69166,-0.016461
432,1.2376,0.71827,-0.015734
434,1.2242,0.74465,-0.014756
436,1.2112,0.77132,-0.013784
438,1.1969,0.797,-0.013051
440,1.182,0.82242,-0.012064
442,1.1666,0.84756,-0.011325
444,1.1516,0.87282,-0.01034
446,1.1352,0.8972,-0.0093443
448,1.1184,0.92127,-0.0085985
450,1.1012,0.94484,-0.0075974
452,1.0842,0.96875,-0.006598
454,1.0662,0.99149,-0.0058447
456,1.0484,1.0146,-0.0048382
458,1.0295,1.0367,-0.0038249
460,1.0109,1.059,-0.0030662
462,0.99117,1.0802,-0.0020469
464,0.97119,1.1008,-0.0010249
466,0.95123,1.1221,-0.00025674
468,0.93058,1.1418,0.00077126
470,0.90993,1.1622,0.0015457
472,0.88905,1.182,0.0025813
474,0.86737,1.2004,0.0036188
476,0.84587,1.2193,0.0044031
478,0.82341,1.237,0.0054465
480,0.80113,1.2551,0.0062371
482,0.77815,1.2718,0.0072864
484,0.75555,1.2888,0.0080833
486,0.73236,1.3056,0.0091446
488,0.7088,1.3208,0.0099417
490,0.68514,1.3366,0.010748
492,0.66094,1.3509,0.011812
494,0.63686,1.3658,0.012625
496,0.6127,1.38,0.013441
498,0.58784,1.393,0.014514
500,0.56308,1.4064,0.015336
502,0.53792,1.4183,0.01615
504,0.51285,1.4308,0.016978
506,0.4875,1.4428,0.017809
508,0.46184,1.4533,0.018897
510,0.43624,1.4643,0.019734
512,0.41012,1.4739,0.020561
514,0.38431,1.4839,0.021404
516,0.35827,1.4935,0.02225
518,0.33206,1.5015,0.023084
520,0.30587,1.5101,0.023936
522,0.2793,1.5173,0.024506
524,0.25273,1.525,0.025363
526,0.2261,1.5312,0.026206
528,0.19946,1.5379,0.027069
530,0.17281,1.5431,0.027917
532,0.14614,1.5489,0.028514
534,0.11924,1.5532,0.029366
536,0.092288,1.558,0.029967
538,0.065439,1.5613,0.030824
540,0.038526,1.5652,0.031703
542,0.011765,1.5676,0.03229
544,-0.015351,1.5706,0.032901
546,-0.042264,1.5721,0.033766
548,-0.069233,1.5731,0.034358
550,-0.096036,1.5747,0.034975
552,-0.12283,1.5748,0.035846
554,-0.14966,1.5745,0.036443
556,-0.17652,1.5737,0.037042
558,-0.20324,1.5735,0.037666
560,-0.22986,1.5718,0.038268
562,-0.25649,1.5697,0.038872
564,-0.2831,1.5671,0.039476
566,-0.30963,1.5652,0.040108
568,-0.33595,1.5618,0.040716
570,-0.36225,1.5579,0.041325
572,-0.38851,1.5536,0.041935
574,-0.41446,1.5489,0.042548
576,-0.44036,1.5439,0.042881
578,-0.4662,1.5383,0.043495
580,-0.49172,1.5324,0.044111
582,-0.51743,1.5261,0.044447
584,-0.5428,1.5193,0.045066
586,-0.56809,1.5122,0.045403
588,-0.59328,1.5046,0.046024
590,-0.61774,1.4958,0.046335
592,-0.64273,1.4874,0.046675
594,-0.66735,1.4787,0.047299
596,-0.69185,1.4696,0.047641
598,-0.71579,1.4592,0.047954
600,-0.73978,1.4494,0.048297
602,-0.76389,1.4391,0.048925
604,-0.78713,1.4276,0.049239
606,-0.81069,1.4167,0.049585
608,-0.83359,1.4045,0.0499
610,-0.85659,1.3929,0.050246
612,-0.87914,1.38,0.050277
614,-0.90181,1.3677,0.050624
616,-0.92374,1.3541,0.050941
618,-0.94604,1.3411,0.05129
620,-0.96757,1.3269,0.051608
622,-0.9889,1.3123,0.051639
624,-1.0106,1.2982,0.051989
626,-1.0313,1.2831,0.052021
628,-1.0519,1.2675,0.05234
630,-1.0721,1.2518,0.052659
632,-1.0921,1.2357,0.052691
634,-1.1119,1.2193,0.052723
636,-1.1313,1.2026,0.053043
638,-1.1504,1.1858,0.053075
640,-1.1694,1.1685,0.053108
642,-1.1881,1.1509,0.053428
644,-1.2063,1.1332,0.053461
646,-1.2243,1.1152,0.053493
648,-1.2423,1.0968,0.053525
650,-1.2597,1.0782,0.053557
652,-1.2761,1.0587,0.053557
654,-1.293,1.0396,0.05359
656,-1.3096,1.0203,0.053622
658,-1.3251,1,0.053622
660,-1.341,0.98037,0.053654
662,-1.3559,0.95967,0.053364
664,-1.3713,0.9393,0.053396
666,-1.3854,0.91837,0.053396
668,-1.4002,0.89752,0.053138
670,-1.4137,0.87616,0.053138
672,-1.4278,0.85486,0.05317
674,-1.4406,0.83309,0.05288
676,-1.4532,0.81086,0.05288
678,-1.4654,0.78871,0.052589
680,-1.4782,0.76657,0.05233
682,-1.4897,0.74404,0.05233
684,-1.5008,0.72134,0.05204
686,-1.5117,0.69821,0.051749
