apr| 00h| 01h| 02h| 03h| 04h| 05h| 06h| 07h| 08h| 09h| 10h| 11h| 12h| 13h| 14h| 15h| 16h| 17h| 18h| 19h| 20h| 21h| 22h| 23h|
 01|??? | 1  | 4  | 7  | 11 | 8  | 4  | 5  | 6  | 4  | 6  | 6  | 9  | 4  | 1  | 5  | 4  | 4  | 8  | 2  | 3  | 10 | 6  | 4  |
 02| 2  | 0  | 3  | 5  | 5  | 4  | 4  | 10 | 9  |??? | 2  | 2  | 2  | 1  | 3  | 2  | 5  | 5  | 2  | 11 | 10 | 3  | 7  | 2  |
 03| 2  | 5  | 4  | 7  | 4  | 7  | 6  | 6  | 7  | 2  | 12 | 2  | 4  | 4  | 1  | 2  | 2  | 3  | 0  | 1  | 2  | 3  | 3  | 2  |
 04| 5  | 4  | 3  | 4  | 2  | 9  | 5  | 8  | 2  | 6  | 4  | 5  | 2  | 3  | 8  | 5  | 6  | 4  | 5  | 2  | 3  | 3  | 5  | 2  |
 05| 5  | 4  | 1  | 3  | 4  | 3  | 5  | 0  | 4  | 1  | 3  | 3  | 3  | 4  | 2  | 3  | 2  | 1  | 2  | 6  | 1  | 2  | 0  | 7  |
 06| 4  | 7  | 3  | 4  | 1  | 2  | 2  | 6  | 3  | 6  | 5  | 3  | 1  | 6  | 5  | 1  | 1  | 2  | 2  | 0  | 5  | 3  | 1  | 1  |
 07| 4  | 4  | 4  | 1  | 3  | 4  | 6  | 4  | 4  | 2  | 3  | 4  | 2  | 1  | 7  | 2  | 1  | 2  | 3  | 5  | 2  | 4  | 1  | 3  |
 08| 0  | 6  | 4  | 6  | 9  | 4  | 5  | 5  | 7  | 8  | 5  | 5  | 3  | 10 | 7  | 2  | 3  | 3  | 2  | 1  | 2  | 1  | 1  | 5  |
 09| 3  | 3  | 3  | 5  | 1  | 1  | 0  | 2  | 5  | 3  | 5  | 2  | 4  | 3  | 2  | 0  | 5  | 1  | 1  | 1  | 1  | 1  | 4  | 3  |
 10| 0  | 4  | 4  | 5  | 8  | 4  | 3  | 10 | 2  | 3  | 5  | 9  | 2  | 4  | 12 | 6  | 7  | 6  | 3  | 1  | 0  | 0  | 4  | 2  |
 11| 3  | 2  | 2  | 3  | 5  | 4  | 6  | 4  | 3  | 5  | 6  | 3  | 5  | 11 | 6  | 4  | 5  | 2  | 2  | 4  | 2  | 2  | 5  | 2  |
 12| 5  | 3  | 3  | 3  | 5  | 3  | 2  | 6  | 6  | 10 | 8  | 6  | 3  | 8  | 6  | 3  | 6  | 4  | 2  | 4  | 3  | 4  | 3  | 4  |
 13| 5  | 5  | 1  | 2  | 4  | 7  | 11 | 6  | 1  | 5  | 4  | 3  | 4  | 3  | 2  | 7  | 2  | 6  | 33 | 5  | 6  | 7  | 3  | 0  |
 14| 3  | 3  | 2  | 3  | 4  | 7  | 2  | 4  | 5  | 6  | 6  | 4  | 4  | 7  | 13 | 13 | 2  | 13 | 53 | 36 | 3  | 2  | 8  | 5  |
 15| 4  | 1  | 4  | 5  | 11 | 6  | 4  | 4  | 8  | 0  | 0  | 0  | 0  | 0  | 4  | 5  | 4  | 8  | 42 | 9  | 5  | 6  | 9  | 6  |
 16| 4  | 6  | 5  | 5  | 8  | 10 | 7  | 8  | 2  | 2  | 10 | 7  | 8  | 8  | 8  | 23 | 9  | 5  | 4  | 3  | 3  | 2  | 6  | 2  |
 17| 7  | 2  | 4  | 5  | 8  | 8  | 6  | 5  | 7  | 5  | 10 | 5  | 10 | 34 | 16 | 5  | 3  | 13 | 41 | 6  | 1  | 5  | 5  | 2  |
 18| 3  | 6  | 5  | 3  | 8  | 6  | 8  | 3  | 4  | 5  | 14 | 5  | 24 | 4  | 9  | 2  | 2  | 1  | 4  | 3  | 0  | 3  | 9  | 1  |
 19| 5  | 3  | 6  | 4  | 4  | 10 | 8  | 1  | 9  | 4  | 9  | 5  | 3  | 10 | 5  | 9  | 6  | 3  | 4  | 4  | 5  | 3  | 5  | 6  |
 20| 1  | 5  | 5  | 6  | 6  | 5  | 5  | 1  | 7  | 7  | 4  | 4  | 6  | 0  | 2  | 4  | 9  | 11 | 5  | 2  | 5  | 10 | 4  | 2  |
 21| 6  | 8  | 4  | 6  | 6  | 9  | 2  | 3  | 1  | 3  | 5  | 6  | 3  | 9  | 9  | 11 | 18 | 6  | 5  | 14 | 7  | 2  | 2  | 4  |
 22| 5  | 1  | 3  | 6  | 7  | 4  | 7  | 3  | 2  | 2  | 7  | 2  | 8  | 8  | 4  | 6  | 12 | 6  | 5  | 3  | 1  | 6  | 6  | 4  |
 23| 4  | 9  | 2  | 3  | 13 | 7  | 3  | 2  | 5  | 6  | 6  | 3  | 6  | 10 | 8  | 8  | 5  | 15 | 7  | 2  | 5  | 1  | 7  | 4  |
 24| 2  | 6  | 4  | 5  | 5  | 6  | 14 | 7  | 5  | 5  | 6  | 10 | 32 | 47 | 32 | 15 | 19 | 22 | 5  | 4  | 2  | 3  | 4  | 6  |
 25| 3  | 2  | 7  | 3  | 4  | 6  | 6  | 3  | 6  | 5  | 3  | 5  | 10 | 4  | 1  | 5  | 7  | 2  | 3  | 1  | 2  | 5  | 0  | 4  |
 26| 5  | 6  | 6  | 5  | 4  | 1  | 5  | 2  | 4  | 3  | 9  | 7  | 7  | 5  | 6  | 10 | 7  | 2  | 1  | 4  | 0  | 2  | 7  | 4  |
 27| 3  | 5  | 2  | 9  | 2  | 7  | 3  | 7  | 4  | 2  | 6  | 5  | 6  | 5  | 7  | 7  | ?? |??? | 24 | 3  | 5  | 5  | 2  | 2  |
 28| 2  | 1  | 2  | 1  | 1  | 3  | 8  | 3  | 5  | 4  | 1  | 3  | 7  | 3  | 3  | 4  | 4  | 4  | 2  | 5  | 3  | 8  | 6  | 4  |
 29| 2  | 1  | 11 | 4  | 6  | 9  | 7  | 3  | 11 | 4  | 2  | 8  | 7  | 4  | 3  | 10 | 4  | 1  | 2  | 2  | 1  | 5  | 4  | 3  |
 30| 2  | 2  | 5  | 0  | 0  | 0  | 0  | 0  | 0  | 0  | 0  | 0  | 0  | 0  | 0  | 0  | 0  | 0  | 0  | 0  | 0  | 0  | 0  |??? |
 31|??? |??? |??? |??? |??? |??? |??? |??? |??? |??? |??? |??? |??? |??? |??? |??? |??? |??? |??? |??? |??? |??? |??? |??? |
[Observer]Fredi Bachmann
[Country]Switzerland 
[City]Oberdorf BL
[Longitude]007°4509 E
[Latitude ]047°2352 N
[Longitude GMAP]7.75277
[Latitude GMAP]47.3919
[Frequencies]143.05MHz
[Antenna]Yagi 3-Element
[Azimut Antenna]360
[Elevation Antenna]90
[Pre-Amplifier]none
[Receiver]NESDR Mini2 R820T2
[Observing Method]SpectrumLab own Script
[Remarks]NUC D54250WYKH Q1.7GHz i5 8GB
[Soft FTP]Colorgramme RMOB Lab v 2.9
[E]o{lm`'khjadhggIke|l~`g'ja
