mar| 00h| 01h| 02h| 03h| 04h| 05h| 06h| 07h| 08h| 09h| 10h| 11h| 12h| 13h| 14h| 15h| 16h| 17h| 18h| 19h| 20h| 21h| 22h| 23h|
 01|??? | 5  | 10 | 1  | 4  | 4  | 13 | 4  | 9  | 5  | 13 | 12 | 16 | 2  | 12 | 13 | 13 | 13 | 20 | 8  | 3  | 6  | 7  | 9  |
 02| 2  | 3  | 8  | 8  | 8  | 7  | 6  | 5  | 6  | 11 | 16 | 14 | 13 | 3  | 8  | 3  | 10 | 12 | 10 | 9  | 4  | 17 | 3  | 4  |
 03| 8  | 4  | 2  | 10 | 17 | 16 | 15 | 16 | 7  | 3  | 5  | 2  | 14 | 6  | 3  | 2  | 7  | 5  | 5  | 12 | 6  | 6  | 1  | 1  |
 04| 2  | 2  | 1  | 2  | 9  | 6  | 15 | 6  | 4  | 4  | 11 | 9  | 14 | 7  | 6  | 9  | 5  | 9  |??? | 7  | 1  | 2  | 14 | 4  |
 05| 0  | 1  | 0  | 1  | 1  | 3  | 1  | 3  | 0  |??? | 0  |??? | 5  | 5  | 0  | 10 | 9  | 5  | 14 | 1  | 2  | 2  | 4  | 1  |
 06| 1  | 1  | 1  |??? |??? |??? |??? |??? |??? |??? |??? |??? |??? |??? |??? | 0  | 1  | 2  | 0  | 1  | 2  | 4  | 4  | 2  |
 07| 0  | 1  | 3  |??? |??? |??? |??? |??? |??? |??? |??? |??? |??? |??? |??? |??? |??? |??? |??? |??? |??? |??? |??? |??? |
 08|??? |??? |??? |??? |??? |??? |??? |??? |??? |??? |??? |??? |??? |??? |??? |??? |??? |??? |??? |??? |??? |??? |??? |??? |
 09|??? |??? |??? |??? |??? |??? |??? |??? |??? |??? |??? |??? |??? |??? |??? |??? |??? |??? |??? |??? |??? |??? | 1  |??? |
 10|??? |??? |??? |??? |??? |??? |??? |??? |??? |??? |??? |??? |??? |??? |??? |??? |??? |??? |??? |??? |??? |??? | 59 | 78 |
 11| 18 | 2  | 27 | 25 | 53 | 39 | 18 | 53 | 34 | 34 | 31 | 27 | 14 | 37 | 64 | 54 | 37 | 52 | 50 | 32 | 37 | 40 | 29 | 13 |
 12| 11 | 6  | 9  | 6  | 21 | 28 | 15 | 27 | 16 | 16 | 28 | 35 | 24 | 16 | 13 | 9  | 7  | 33 | 21 | 23 | 28 | 19 | 17 | 12 |
 13| 12 | 3  | 6  | 6  | 20 | 20 | 9  | 27 | 27 | 23 | 41 | 30 | 9  | 8  | 4  | 3  | 3  | 5  | 4  | 1  | 5  | 5  | 1  | 2  |
 14| 2  | 1  | 1  | 1  | 1  | 2  | 1  | 1  | 4  | 3  | 2  | 0  | 4  | 5  | 3  | 10 | 8  | 5  | 8  | 6  | 11 | 12 | 7  | 3  |
 15| 3  | 1  | 0  | 0  | 10 | 6  | 3  | 13 | 13 | 9  | 10 | 8  | 15 | 7  | 6  | 5  | 9  | 8  | 5  | 6  | 3  | 9  | 1  | 6  |
 16| 3  | 2  | 6  | 4  | 2  | 2  | 3  | 8  | 14 | 12 | 9  | 10 | 11 | 12 | 13 | 4  | 9  | 9  | 14 | 8  | 11 | 11 | 6  | 7  |
 17| 2  | 1  | 3  | 2  | 7  | 7  | 4  | 9  | 8  | 17 | 4  | 11 | 14 | 12 | 10 | 6  | 7  | 13 | 4  | 10 | 11 | 6  | 2  | 1  |
 18| 2  | 1  | 2  | 4  | 2  | 8  | 4  | 7  | 9  | 12 | 11 | 9  | 13 | 18 | 13 | 21 | 13 | 21 | 26 | 19 | 13 | 18 | 9  | 8  |
 19| 11 | 4  | 5  | 8  | 15 | 9  | 14 | 23 | 16 | 22 | 21 | 13 | 16 | 19 | 16 | 7  | 9  | 17 | 11 | 15 | 21 | 21 | 12 | 11 |
 20| 8  | 3  | 6  | 1  | 11 | 12 | 7  | 16 | 11 | 14 | 28 | 15 | 14 | 13 | 10 | 10 | 11 | 15 | 20 | 26 | 24 | 17 | 18 | 13 |
 21| 5  | 3  | 6  | 5  | 8  | 12 | 8  | 26 | 17 | 23 | 21 | 15 | 24 | 24 | 14 | 18 | 13 | 22 | 21 | 18 | 15 | 19 | 12 | 5  |
 22| 4  | 4  | 6  | 6  | 6  | 16 | 12 | 23 | 17 | 12 | 12 | 18 | 19 | 14 | 9  | 14 | 18 | 15 | 26 | 19 | 18 | 27 | 18 | 10 |
 23| 13 | 4  | 2  | 6  | 5  | 9  | 11 | 18 | 9  | 18 | 24 | 26 | 16 | 15 | 14 | 21 | 14 | 7  | 21 | 18 | 23 | 13 | 20 | 12 |
 24| 4  | 9  | 4  | 6  | 9  | 16 | 3  | 21 | 17 | 18 | 28 | 15 | 24 | 16 | 21 | 18 | 19 | 8  | 19 | 21 | 13 | 15 | 9  | 9  |
 25| 3  | 4  | 2  | 4  | 7  | 14 | 11 | 16 | 19 | 32 | 14 | 20 | 27 | 13 | 15 | 17 | 14 | 20 | 20 | 20 | 27 | 10 | 12 | 7  |
 26| 6  | 6  | 6  | 9  | 12 | 15 | 15 | 19 | 14 | 18 | 22 | 22 | 16 | 21 | 15 | 25 | 17 | 17 | 15 | 24 | 24 | 27 | 5  | 10 |
 27| 9  | 1  | 5  | 2  | 15 | 15 | 13 | 31 | 11 | 18 | 20 | 18 | 24 | 30 | 14 | 32 | 18 | 28 | 28 | 27 | 24 | 30 | 14 | 5  |
 28| 13 | 6  | 2  | 10 | 9  | 14 | 19 | 29 | 8  | 10 | 16 | 13 | 9  | 7  | 13 | 14 | 15 | 9  | 12 | 9  | 17 | 7  | 14 | 5  |
 29| 4  | 2  | 5  | 3  | 5  | 19 | 7  | 12 | 12 | 7  | 10 | 18 | 18 | 14 | 13 | 7  | 17 | 18 | 15 | 15 | 20 | 15 | 13 | 6  |
 30| 4  | 10 | 4  | 4  | 8  | 5  | 17 | 15 | 12 | 15 | 12 | 14 | 13 | 9  | 17 | 19 | 8  | 14 | 9  | 13 | 10 | 15 | 4  | 4  |
 31| 3  | 6  | 7  | 11 | 8  | 7  | 14 | 17 | 28 | 22 | 11 | 10 | 12 | 9  | 39 | 9  | 16 | 1  | 5  | 2  | 8  | 6  |??? |??? |
[Observer]Fredi Bachmann
[Country]Switzerland 
[City]Oberdorf BL
[Longitude]007°4509 E
[Latitude ]047°2352 N
[Longitude GMAP]7.75277
[Latitude GMAP]47.3919
[Frequencies]143.05MHz
[Antenna]Yagi 3-Element
[Azimut Antenna]360
[Elevation Antenna]90
[Pre-Amplifier]none
[Receiver]NESDR Mini2 R820T2
[Observing Method]SpectrumLab own Script
[Remarks]NUC D54250WYKH Q1.7GHz i5 8GB
[Soft FTP]Colorgramme RMOB Lab v 2.9
[E]o{lm`'khjadhggIke|l~`g'ja
