jul| 00h| 01h| 02h| 03h| 04h| 05h| 06h| 07h| 08h| 09h| 10h| 11h| 12h| 13h| 14h| 15h| 16h| 17h| 18h| 19h| 20h| 21h| 22h| 23h|
 01|006 |014 |016 |003 |012 |010 |008 |008 |006 |007 |009 |005 |006 |005 |005 |001 |001 |002 |001 |??? |002 |001 |001 |010 |
 02|004 |007 |008 |008 |??? |005 |005 |002 |002 |007 |005 |003 |006 |002 |003 |006 |005 |007 |005 |007 |007 |008 |008 |010 |
 03|015 |017 |016 |011 |015 |013 |007 |007 |009 |007 |005 |004 |002 |006 |007 |009 |006 |002 |001 |003 |004 |004 |008 |009 |
 04|009 |010 |011 |008 |003 |009 |006 |005 |010 |005 |002 |002 |008 |010 |003 |013 |003 |006 |006 |004 |011 |013 |012 |018 |
 05|013 |017 |014 |007 |011 |008 |004 |005 |007 |004 |003 |004 |005 |002 |003 |010 |004 |005 |001 |004 |017 |010 |007 |016 |
 06|010 |018 |009 |004 |011 |009 |006 |002 |??? |003 |013 |004 |005 |008 |005 |004 |002 |010 |002 |005 |002 |011 |010 |012 |
 07|018 |009 |014 |006 |010 |010 |011 |002 |008 |002 |004 |??? |003 |006 |005 |002 |009 |017 |007 |004 |003 |006 |011 |010 |
 08|013 |018 |019 |006 |009 |008 |014 |010 |003 |004 |002 |004 |002 |005 |005 |004 |004 |006 |002 |005 |004 |012 |015 |014 |
 09|016 |011 |013 |009 |004 |007 |007 |013 |009 |008 |009 |003 |008 |009 |??? |008 |011 |007 |??? |007 |010 |009 |015 |013 |
 10|011 |009 |011 |013 |017 |004 |011 |004 |008 |004 |007 |009 |007 |003 |009 |006 |003 |006 |003 |005 |005 |009 |016 |016 |
 11|011 |012 |012 |017 |013 |008 |013 |009 |008 |010 |006 |006 |003 |004 |007 |004 |007 |006 |009 |003 |002 |007 |008 |006 |
 12|014 |010 |012 |012 |008 |006 |009 |008 |004 |004 |002 |002 |009 |004 |001 |006 |003 |006 |004 |003 |006 |007 |011 |007 |
 13|005 |009 |010 |009 |008 |005 |012 |005 |004 |004 |005 |007 |008 |006 |012 |003 |006 |005 |003 |001 |002 |005 |009 |007 |
 14|006 |012 |008 |007 |008 |007 |004 |009 |007 |004 |003 |008 |001 |002 |002 |001 |004 |??? |004 |001 |001 |004 |004 |007 |
 15|008 |005 |003 |004 |004 |005 |006 |007 |003 |006 |003 |001 |004 |004 |002 |??? |003 |002 |004 |??? |005 |007 |010 |005 |
 16|003 |002 |005 |002 |006 |004 |003 |005 |003 |??? |003 |002 |002 |003 |003 |001 |003 |??? |??? |004 |004 |005 |003 |009 |
 17|005 |006 |006 |005 |002 |??? |002 |005 |003 |005 |002 |002 |002 |002 |001 |004 |004 |003 |004 |??? |003 |004 |004 |004 |
 18|006 |005 |005 |004 |006 |004 |??? |??? |??? |??? |006 |003 |004 |007 |004 |006 |005 |004 |005 |??? |003 |005 |012 |011 |
 19|003 |011 |005 |009 |005 |010 |010 |008 |006 |007 |008 |008 |006 |001 |??? |004 |002 |001 |005 |004 |003 |004 |003 |004 |
 20|002 |003 |002 |002 |002 |??? |001 |002 |001 |??? |004 |003 |002 |002 |002 |004 |001 |003 |005 |003 |001 |001 |??? |003 |
 21|004 |001 |003 |003 |002 |002 |002 |003 |005 |??? |004 |010 |026 |002 |021 |017 |006 |020 |012 |038 |042 |028 |019 |017 |
 22|032 |038 |047 |001 |??? |??? |??? |??? |??? |??? |??? |??? |??? |??? |??? |??? |??? |??? |??? |??? |??? |??? |??? |??? |
 23|??? |??? |??? |??? |??? |??? |??? |??? |??? |030 |035 |014 |036 |036 |014 |036 |028 |021 |018 |007 |002 |??? |??? |001 |
 24|??? |001 |001 |??? |006 |??? |004 |001 |001 |002 |002 |007 |001 |001 |??? |??? |001 |002 |??? |003 |001 |002 |??? |??? |
 25|??? |??? |??? |004 |006 |002 |002 |002 |006 |001 |002 |001 |??? |001 |??? |005 |015 |009 |011 |006 |015 |010 |007 |004 |
 26|006 |003 |008 |027 |007 |015 |013 |008 |007 |004 |006 |010 |012 |004 |007 |015 |012 |010 |007 |004 |004 |005 |001 |001 |
 27|006 |007 |004 |004 |002 |004 |002 |008 |019 |001 |??? |??? |002 |005 |005 |018 |022 |028 |045 |048 |041 |033 |037 |017 |
 28|011 |014 |026 |020 |028 |028 |021 |023 |023 |021 |018 |015 |025 |025 |018 |024 |022 |009 |015 |020 |016 |015 |007 |006 |
 29|003 |004 |004 |012 |019 |019 |036 |029 |012 |014 |015 |016 |014 |028 |009 |008 |007 |009 |013 |015 |012 |004 |008 |004 |
 30|003 |003 |010 |016 |010 |017 |020 |018 |017 |014 |019 |013 |014 |012 |012 |011 |011 |009 |008 |008 |007 |005 |008 |002 |
 31|003 |??? |010 |010 |025 |015 |014 |013 |020 |016 |017 |010 |004 |010 |002 |001 |003 |029 |038 |037 |003 |??? |017 |066 |
[Observer]Fredi Bachmann
[Country]Switzerland
[City]Oberdorf BL
[Longitude]007d4509 E
[Latitude ]047d2331 N
[Longitude GMAP]7.7525
[Latitude GMAP]47.39194
[Frequencies]143.05MHz
[Antenna]Quadrifilar Helix
[Azimut Antenna]360
[Elevation Antenna]90
[Pre-Amplifier]none
[Receiver]NESDR Mini2 R820T2
[Observing Method]Echo of GRAVES-Radar
[Remarks]NUC D54250WYKH Q1.7GHz i5 8GB
[Soft FTP]RMOB-Transfer v1.0 FBa
[E]www.abc-laboratory.com
