jun| 00h| 01h| 02h| 03h| 04h| 05h| 06h| 07h| 08h| 09h| 10h| 11h| 12h| 13h| 14h| 15h| 16h| 17h| 18h| 19h| 20h| 21h| 22h| 23h|
 01| 6  | 11 | 3  | 3  | 11 | 3  | 2  | 4  | 6  | 1  | 1  | 5  | 3  | 2  | 1  | 2  | 2  | 0  | 0  | 0  | 0  | 3  | 0  | 1  |
 02| 3  | 3  | 1  | 10 | 12 | 17 | 6  | 3  | 5  | 12 | 8  | 4  | 5  | 1  | 1  | 2  | 3  | 0  | 2  | 1  | 1  | 1  | 2  | 1  |
 03| 1  | 2  | 1  | 10 | 17 | 11 | 3  | 3  | 4  | 4  | 6  | 3  | 6  | 2  | 6  | 1  | 0  | 0  | 1  | 0  | 2  | 0  | 0  | 2  |
 04| 3  | 2  | 0  | 5  | 5  | 3  | 6  | 6  | 6  | 1  | 5  | 2  | 1  | 3  | 1  | 5  | 0  | 1  | 2  | 0  | 0  | 0  | 2  | 1  |
 05| 5  | 3  | 2  | 2  | 2  | 2  | 6  | 2  | 2  | 4  | 0  | 3  | 2  | 1  | 7  | 2  | 2  | 1  | 1  | 1  | 1  | 1  | 2  | 7  |
 06| 10 | 13 | 20 | 13 | 26 | 15 | 9  | 15 | 26 | 21 | 20 | 18 | 15 | 16 | 12 | 9  | 9  | 6  | 3  | 9  | 3  | 8  | 3  | 10 |
 07| 5  | 6  | 12 | 11 | 14 | 36 | 50 | 24 | 27 | 14 | 11 | 9  | 9  | 11 | 20 | 9  | 12 | 13 | 8  | 4  | 5  | 6  | 7  | 5  |
 08| 9  | 11 | 5  | 14 | 10 | 34 | 17 | 25 | 10 | 7  | 6  | 9  | 11 | 5  | 2  | 4  | 4  | 0  | 1  | 1  | 9  | 0  | 1  | 1  |
 09| 3  | 4  | 0  | 9  | 4  | 8  | 14 | 50 | 13 | 5  | 14 | 13 | 67 | 13 | 4  | 2  | 2  | 0  | 1  | 0  | 0  | 2  | 0  | 3  |
 10| 3  | 3  | 1  | 4  | 15 | 10 | 8  | 11 | 15 | 11 | 8  | 6  | 7  | 4  | 3  | 1  | 2  | 1  | 2  | 4  | 0  | 1  | 6  | 4  |
 11| 4  | 4  | 8  | 9  | 14 | 18 | 18 | 18 | 11 | 14 | 4  | 6  | 8  | 6  | 1  | 0  | 4  | 2  | 2  | 4  | 0  | 1  | 2  | 1  |
 12| 8  | 6  | 6  | 5  | 14 | 16 | 8  | 6  | 8  | 8  | 17 | 5  | 3  | 4  | 3  | 2  | 0  | 1  | 2  | 1  | 3  | 4  | 6  | 7  |
 13| 12 | 6  | 8  | 7  | 7  | 10 | 31 | 17 | 7  | 12 | 9  | 10 | 17 | 7  | 1  | 6  | 1  | 2  | 1  | 0  | 1  | 4  | 6  | 6  |
 14| 5  | 2  | 7  | 6  | 15 | 20 | 36 | 32 | 6  | 8  | 2  | 3  | 5  | 2  | 7  | 4  | 3  | 0  | 1  | 0  | 0  | 4  | 1  | 1  |
 15| 1  | 3  | 3  | 2  | 3  | 8  | 8  | 4  | 4  | 10 | 7  | 4  | 10 | 4  | 3  | 2  | 2  | 1  | 2  | 0  | 3  | 2  | 5  | 11 |
 16| 7  | 7  | 13 | 8  | 3  | 5  | 10 | 5  | 11 | 20 | 10 | 6  | 6  | 4  | 5  | 6  | 2  | 1  | 4  | 0  | 1  | 1  | 0  | 4  |
 17| 1  | 4  | 6  | 13 | 11 | 13 | 13 | 3  | 14 | 5  | 8  | 7  | 10 | 11 | 2  | 1  | 4  | 2  | 2  | 1  | 0  | 3  | 4  | 9  |
 18| 11 | 9  | 15 | 13 | 18 | 30 | 16 | 15 | 11 | 15 | 7  | 4  | 12 | 8  | 1  | 3  | 2  | 3  | 2  | 1  | 5  | 6  | 3  | 9  |
 19| 7  | 3  | 12 | 8  | 10 | 13 | 14 | 12 | 11 | 24 | 10 | 13 | 13 | 13 | 11 | 2  | 1  | 3  | 0  | 3  | 0  | 0  | 4  | 5  |
 20| 13 | 8  | 12 | 10 | 11 | 12 | 15 | 9  | 9  | 8  | 12 | 8  | 10 | 8  | 1  | 3  | 2  | 3  | 0  | 4  | 3  | 2  | 4  | 6  |
 21| 5  | 8  | 11 | 19 | 9  | 19 | 12 | 1  | 4  | 4  | 4  | 5  | 5  | 4  | 6  | 4  | 6  | 3  | 5  | 7  | 3  | 2  | 4  | 6  |
 22| 13 | 11 | 13 | 9  | 30 | 34 | 29 | 47 | 39 | 43 | 22 | 18 | 8  | 6  | 8  | 7  | 18 | 10 | 3  | 8  | 5  | 6  | 9  | 15 |
 23| 16 | 12 | 11 | 7  | 8  | 18 | 14 | 17 | 17 | 10 | 19 | 11 | 6  | 5  | 4  | 2  | 6  | 3  | 0  | 3  | 7  | 8  | 6  | 14 |
 24| 23 | 22 | 23 | 23 | 34 | 16 | 17 | 16 | 19 | 10 | 14 | 4  | 5  | 3  | 4  | 4  | 1  | 1  | 2  | 2  | 3  | 6  | 7  | 2  |
 25| 4  | 8  | 14 | 15 | 22 | 19 | 26 | 17 | 15 | 10 | 7  | 4  | 5  | 8  | 10 | 6  | 8  | 6  | 10 | 9  | 4  | 5  | 9  | 7  |
 26| 9  | 19 | 11 | 14 | 13 | 27 | 13 | 12 | 9  | 5  | 12 | 13 | 8  | 10 | 6  | 4  | 3  | 4  | 3  | 2  | 0  | 3  | 4  | 4  |
 27| 5  | 13 | 8  | 8  | 5  | 9  | 12 | 8  | 7  | 14 | 7  | 13 | 13 | 8  | 7  | 5  | 4  | 3  | 3  | 0  | 5  | 3  | 4  | 5  |
 28| 7  | 7  | 11 | 2  | 14 | 20 | 22 | 10 | 18 | 10 | 10 | 7  | 11 | 10 | 9  | 6  | 2  | 5  | 3  | 3  | 2  | 4  | 4  | 4  |
 29| 2  | 8  | 9  | 12 | 18 | 15 | 15 | 19 | 8  | 16 | 11 | 6  | 6  | 6  | 7  | 6  | 4  | 0  | 2  | 4  | 4  | 2  | 4  | 6  |
 30| 5  | 9  | 8  | 3  | 10 | 15 | 14 | 14 | 7  | 11 | 6  | 9  | 5  | 14 | 10 | 7  | 5  | 0  | 0  | 0  | 1  | 3  | 3  |??? |
 31|??? |??? |??? |??? |??? |??? |??? |??? |??? |??? |??? |??? |??? |??? |??? |??? |??? |??? |??? |??? |??? |??? |??? |??? |
[Observer]Radioastro Essen
[Country]Germany 
[City]Essen
[Longitude]006°5841 E
[Latitude ]051°2338 N
[Longitude GMAP]6.978238821029663
[Latitude GMAP]51.39375672384404
[Frequencies]49.97
[Antenna]6m Turnstyle, ON4ZK 
[Azimut Antenna]240
[Elevation Antenna]20
[Pre-Amplifier]Bandpass 49.97, Spaun HAV200F CableTV
[Receiver]Icom PCR-1000
[Observing Method]SpectrumLab
[Remarks]PCs
[Soft FTP]Colorgramme RMOB Lab v 2.5
[E]mf8cyhIndq'ml
