jul| 00h| 01h| 02h| 03h| 04h| 05h| 06h| 07h| 08h| 09h| 10h| 11h| 12h| 13h| 14h| 15h| 16h| 17h| 18h| 19h| 20h| 21h| 22h| 23h|
 01| 7  | 4  | 4  | 4  | 13 | 9  | 9  | 12 | 8  | 5  | 7  | 6  | 0  | 0  | 0  | 0  | 0  | 0  | 0  | 0  | 0  | 0  | 0  | 0  |
 02| 0  | 0  | 0  | 0  | 0  | 0  | 0  | 0  | 0  | 0  | 0  | 0  | 0  | 0  | 0  | 0  | 0  | 0  | 0  | 0  | 0  | 0  | 0  | 0  |
 03| 0  | 0  | 0  | 0  | 0  | 0  | 0  | 0  | 0  | 0  | 0  | 0  | 0  | 0  | 5  | 3  | 1  | 5  | 6  | 3  | 6  | 3  | 2  | 2  |
 04| 10 | 12 | 9  | 2  | 6  | 9  | 9  | 6  | 4  | 6  | 5  | 1  | 1  | 1  | 3  | 2  | 1  | 1  | 1  | 2  | 0  | 3  | 5  | 5  |
 05| 6  | 6  | 8  | 8  | 18 | 10 | 12 | 17 | 12 | 9  | 7  | 5  | 3  | 3  | 4  | 2  | 1  | 4  | 5  | 4  | 3  | 4  | 2  | 6  |
 06| 2  | 6  | 5  | 4  | 4  | 7  | 9  | 7  | 7  | 3  | 8  | 4  | 5  | 4  | 3  | 1  | 2  | 4  | 1  | 1  | 3  | 0  | 3  | 4  |
 07| 8  | 4  | 7  | 5  | 5  | 1  | 12 | 6  | 4  | 2  | 7  | 5  | 4  | 2  | 6  | 2  | 2  | 2  | 2  | 1  | 1  | 1  | 4  | 7  |
 08| 7  | 11 | 7  | 8  | 5  | 5  | 7  | 3  | 5  | 3  | 5  | 3  | 9  | 5  | 6  | 4  | 10 | 7  | 10 | 11 | 10 | 18 | 12 | 4  |
 09| 16 | 22 | 9  | 4  | 9  | 4  | 11 | 10 | 5  | 11 | 4  | 3  | 5  | 3  | 9  | 8  | 5  | 7  | 7  | 5  | 4  | 6  | 10 | 19 |
 10| 12 | 9  | 10 | 18 | 15 | 9  | 11 | 10 | 12 | 5  | 4  | 3  | 3  | 2  | 4  | 10 | 1  | 3  | 9  | 5  | 2  | 6  | 4  | 3  |
 11| 8  | 5  | 9  | 7  | 11 | 15 | 18 | 12 | 15 | 14 | 2  | 1  | 7  | 0  | 1  | 2  | 2  | 5  | 4  | 1  | 6  | 3  | 4  | 11 |
 12| 12 | 7  | 11 | 7  | 6  | 16 | 14 | 14 | 19 | 16 | 10 | 11 | 5  | 5  | 18 | 15 | 7  | 4  | 4  | 5  | 6  | 11 | 13 | 11 |
 13| 11 | 22 | 10 | 13 | 12 | 5  | 5  | 13 | 20 | 14 | 15 | 12 | 3  | 4  | 3  | 4  | 8  | 6  | 7  | 13 | 16 | 13 | 29 | 16 |
 14| 25 | 23 | 29 | 24 | 29 | 22 | 21 | 27 | 17 | 7  | 8  | 5  | 9  | 4  | 6  | 0  | 13 | 5  | 12 | 12 | 10 | 11 | 22 | 18 |
 15| 21 | 20 | 17 | 19 | 17 | 17 | 14 | 5  | 7  | 7  | 3  | 7  | 4  | 3  | 4  | 3  | 2  | 4  | 1  | 5  | 19 | 13 | 22 | 24 |
 16| 20 | 34 | 25 | 30 | 13 | 20 | 12 | 9  | 3  | 11 | 5  | 4  | 0  | 1  | 0  | 2  | 2  | 1  | 9  | 2  | 4  | 4  | 4  | 6  |
 17| 6  | 5  | 6  | 4  | 11 | 2  | 6  | 7  | 3  | 5  | 3  | 2  | 0  | 6  | 2  | 2  | 5  | 5  | 0  | 4  | 10 | 7  | 5  | 12 |
 18| 9  | 7  | 35 | 25 | 6  | 10 | 9  | 11 | 9  | 3  | 4  | 3  | 2  | 6  | 8  | 3  | 4  | 1  | 4  | 8  | 1  | 6  | 6  | 2  |
 19| 0  | 0  | 0  | 0  | 0  | 0  | 0  | 0  | 0  | 0  | 7  | 0  | 1  | 2  | 12 | 1  | 2  | 2  | 8  | 5  | 6  | 1  | 4  | 4  |
 20| 7  | 7  | 13 | 15 | 12 | 5  | 6  | 6  | 1  | 6  | 1  | 2  | 2  | 2  | 5  | 5  | 5  | 8  | 12 | 13 | 9  | 12 | 6  | 5  |
 21| 12 | 4  | 6  | 4  | 8  | 2  | 3  | 4  | 3  | 5  | 3  | 1  | 3  | 3  | 3  | 2  | 1  | 5  | 5  | 3  | 5  | 2  | 7  | 5  |
 22| 11 | 8  | 6  | 11 | 7  | 9  | 8  | 8  | 7  | 12 | 2  | 5  | 1  | 1  | 2  | 4  | 8  | 6  | 2  | 8  | 5  | 10 | 4  | 6  |
 23| 7  | 9  | 10 | 9  | 8  | 6  | 11 | 6  | 5  | 7  | 4  | 5  | 7  | 4  | 2  | 1  | 4  | 2  | 9  | 4  | 7  | 6  | 9  | 12 |
 24| 6  | 1  | 10 | 6  | 1  | 5  | 5  | 5  | 6  | 2  | 2  | 3  | 2  | 5  | 5  | 1  | 4  | 1  | 2  | 3  | 7  | 16 | 19 | 13 |
 25| 3  | 1  | 3  | 5  | 4  | 1  | 4  | 20 | 14 | 7  |??? |??? |??? |??? |??? |??? |??? |??? | 1  | 10 | 9  | 7  | 5  | 7  |
 26| 13 | 16 | 23 | 16 | 20 | 6  | 6  | 4  | 6  | 5  | 3  | 6  | 5  | 4  | 2  | 2  | 3  | 8  | 6  | 4  | 8  | 8  | 3  | 13 |
 27| 14 | 24 | 7  | 20 | 25 | 16 | 16 | 9  | 3  | 5  | 2  | 5  | 5  | 2  | 5  | 1  | 3  | 2  | 6  | 5  | 2  | 2  | 8  | 3  |
 28| 7  | 11 | 2  | 11 | 3  | 8  | 6  | 4  | 14 | 7  | 6  | 1  | 2  | 1  | 2  | 0  | 2  | 5  | 7  | 9  | 10 | 4  | 12 | 10 |
 29| 12 | 13 | 12 | 13 | 5  | 9  | 8  | 6  | 6  | 1  | 4  | 4  | 4  | 7  | 4  | 3  | 6  | 4  | 6  | 2  | 4  | 9  | 12 | 23 |
 30| 25 | 33 | 18 | 18 | 9  | 12 | 1  | 4  | 5  | 7  | 9  | 1  | 5  | 1  | 1  | 6  | 5  | 2  | 4  | 1  | 2  | 4  | 6  | 8  |
 31| 8  | 16 | 28 | 30 | 21 | 7  | 6  | 4  | 7  | 4  | 5  | 2  | 3  | 1  | 6  | 3  | 5  | 2  | 0  | 1  | 1  | 7  | 9  |??? |
[Observer]Radioastro Essen
[Country]Germany 
[City]Essen
[Longitude]006°5841 E
[Latitude ]051°2338 N
[Longitude GMAP]6.978238821029663
[Latitude GMAP]51.39375672384404
[Frequencies]49.97
[Antenna]6m Turnstyle, ON4ZK 
[Azimut Antenna]240
[Elevation Antenna]20
[Pre-Amplifier]Bandpass 49.97, Spaun HAV200F CableTV
[Receiver]Icom PCR-1000
[Observing Method]SpectrumLab
[Remarks]PCs
[Soft FTP]Colorgramme RMOB Lab v 2.5
[E]mf8cyhIndq'ml
