may| 00h| 01h| 02h| 03h| 04h| 05h| 06h| 07h| 08h| 09h| 10h| 11h| 12h| 13h| 14h| 15h| 16h| 17h| 18h| 19h| 20h| 21h| 22h| 23h|
 01| 9  | 11 | 16 | 42 | 10 | 7  | 23 | 2  | 6  | 11 | 1  | 9  | 7  | 4  | 10 | 0  | 5  | 12 | 6  | 32 | 11 | 3  | 35 | 9  |
 02| 2  | 1  | 14 | 14 | 9  | 0  | 1  | 4  | 9  | 10 | 3  | 4  | 7  | 2  | 5  | 5  | 5  | 19 | 1  | 1  | 0  | 0  | 0  | 0  |
 03| 0  | 0  | 0  | 0  | 0  | 0  | 0  | 0  | 18 | 1  | 3  | 1  | 6  | 1  | 1  | 2  | 0  | 1  | 2  | 16 | 2  | 1  | 1  | 0  |
 04| 2  | 1  | 3  | 5  | 4  | 3  | 8  | 3  | 3  | 4  | 2  | 0  | 1  | 0  | 0  | 4  | 1  | 1  | 9  | 2  | 2  | 1  | 1  | 3  |
 05| 0  | 1  | 1  | 4  | 1  | 6  | 6  | 8  | 6  | 1  | 1  | 1  | 1  | 3  | 1  | 1  | 1  | 1  | 0  | 2  | 2  | 1  | 0  | 3  |
 06| 1  | 6  | 2  | 5  | 11 | 6  | 14 | 3  | 2  | 0  | 10 | 1  | 3  | 1  | 1  | 2  | 1  | 7  | 2  | 4  | 1  | 9  | 42 | 2  |
 07| 3  | 5  | 6  | 10 | 6  | 17 | 10 | 3  | 4  | 1  | 1  | 1  | 3  | 3  | 0  | 2  | 1  | 1  | 0  | 3  | 3  | 11 | 2  | 5  |
 08| 5  | 4  | 6  | 3  | 5  | 7  | 5  | 10 | 2  | 1  | 2  | 1  | 4  | 3  | 2  | 2  | 2  | 2  | 1  | 2  | 2  | 3  | 2  | 2  |
 09| 5  | 4  | 3  | 1  | 8  | 7  | 1  | 4  | 0  | 3  | 1  | 4  | 2  | 4  | 1  | 1  | 1  | 1  | 1  | 3  | 2  | 1  | 2  | 4  |
 10| 3  | 4  | 3  | 4  | 11 | 4  | 5  | 2  | 3  | 0  | 0  | 1  | 1  | 3  | 4  | 1  | 1  | 0  | 2  | 1  | 6  | 1  | 3  | 2  |
 11| 5  | 4  | 0  | 5  | 7  | 5  | 3  | 6  | 0  | 1  | 0  | 2  | 1  | 2  | 2  | 1  | 0  | 1  | 3  | 1  | 1  | 2  | 2  | 3  |
 12| 2  | 7  | 1  | 6  | 1  | 1  | 6  | 4  | 8  | 1  | 0  | 1  | 1  | 1  | 2  | 2  | 1  | 0  | 2  | 5  | 3  | 1  | 1  | 1  |
 13| 5  | 4  | 6  | 4  | 0  | 0  | 3  | 2  | 3  | 1  | 1  | 0  | 1  | 2  | 0  | 1  | 1  | 1  | 1  | 1  | 1  | 2  | 1  | 1  |
 14| 0  | 0  | 1  | 1  | 2  | 1  | 1  | 2  | 4  | 5  | 1  | 0  | 1  | 1  | 4  | 1  | 0  | 1  | 0  | 1  | 3  | 1  | 2  | 2  |
 15| 1  | 1  | 3  | 2  | 3  | 1  | 0  | 0  | 0  | 0  | 0  | 0  | 0  | 0  | 0  | 1  | 1  | 2  | 0  | 2  | 4  | 2  | 3  | 1  |
 16| 3  | 4  | 2  | 0  | 3  | 9  | 2  | 2  | 1  | 1  | 4  | 1  | 0  | 0  | 1  | 1  | 1  | 3  | 1  | 1  | 1  | 2  | 1  | 1  |
 17| 2  | 6  | 2  | 3  | 4  | 0  | 5  | 2  | 18 | 0  | 5  | 0  | 0  | 1  | 0  | 1  | 0  | 5  | 1  | 0  | 3  | 1  | 5  | 1  |
 18| 5  | 2  | 2  | 3  | 1  | 6  | 6  | 6  | 2  | 4  | 1  | 2  | 5  | 1  | 1  | 1  | 1  | 0  | 1  | 2  | 2  | 1  | 2  | 1  |
 19| 3  | 1  | 2  | 5  | 2  | 3  | 2  | 2  | 0  | 1  | 1  | 1  | 0  | 1  | 1  | 1  | 1  | 0  | 7  | 1  | 1  | 1  | 0  | 0  |
 20| 0  | 0  | 0  | 0  | 1  | 1  | 0  | 2  | 2  | 1  | 1  | 1  | 2  | 2  | 1  | 1  | 0  | 2  | 0  | 1  | 1  | 3  | 2  | 2  |
 21| 1  | 2  | 1  | 2  | 0  | 0  | 0  | 0  | 2  | 1  | 2  | 0  | 1  | 2  | 1  | 2  | 1  | 2  | 0  | 1  | 0  | 0  | 3  | 2  |
 22| 4  | 2  | 0  | 1  | 1  | 3  | 2  | 0  | 3  | 3  | 2  | 3  | 1  | 1  | 2  | 1  | 0  | 2  | 1  | 4  | 0  | 3  | 1  | 2  |
 23| 1  | 3  | 2  | 1  | 2  | 6  | 2  | 3  | 1  | 1  | 1  | 1  | 1  | 0  | 1  | 1  | 3  | 1  | 3  | 1  | 2  | 1  | 2  | 2  |
 24| 4  | 1  | 3  | 0  | 0  | 9  | 8  | 3  | 4  | 3  | 3  | 2  | 0  | 0  | 1  | 0  | 1  | 7  | 1  | 3  | 1  | 1  | 3  | 0  |
 25| 0  | 0  | 5  | 7  | 3  | 5  | 5  | 3  | 1  | 2  | 1  | 2  | 0  | 1  | 7  | 0  | 1  | 0  | 0  | 1  | 0  | 1  | 0  | 2  |
 26| 2  | 1  | 2  | 1  | 2  | 3  | 4  | 0  | 3  | 0  | 1  | 0  | 2  | 2  | 1  | 1  | 1  | 0  | 3  | 2  | 2  | 0  | 0  | 0  |
 27| 2  | 4  | 0  | 1  | 0  | 0  | 4  | 2  | 3  | 3  | 2  | 1  | 1  | 1  | 0  | 1  | 0  | 1  | 0  | 0  | 0  | 0  | 1  | 1  |
 28| 1  | 1  | 0  | 3  | 2  | 0  | 3  | 0  | 0  | 0  | 0  | 0  | 0  | 1  | 1  | 1  | 0  | 1  | 0  | 4  | 1  | 1  | 0  | 3  |
 29| 1  | 2  | 3  | 0  | 2  | 0  | 5  | 2  | 0  | 0  | 0  | 0  | 2  | 0  | 0  | 4  | 3  | 2  | 0  | 0  | 1  | 1  | 0  | 2  |
 30| 0  | 4  | 2  | 0  | 3  | 3  | 5  | 2  | 5  | 1  | 1  | 1  | 2  | 0  | 0  | 3  | 1  | 0  | 0  | 0  | 1  | 3  | 2  | 1  |
 31| 5  | 2  | 1  | 3  | 5  | 5  | 4  | 5  | 3  | 0  | 1  | 0  | 0  | 2  | 3  | 2  | 0  | 3  | 1  | 0  |??? |??? |??? |??? |
[Observer]Lee Garton
[Country]Great Britain 
[City]Maldon, Essex
[Longitude]000°4123 E
[Latitude ]051°4356 N
[Longitude GMAP]0.689793
[Latitude GMAP]51.732495
[Frequencies]143.050 Mhz (GRAVES)
[Antenna]144 Mhz 4 Element Yagi
[Azimut Antenna]143
[Elevation Antenna]2
[Pre-Amplifier]None
[Receiver]RTL2832U+R820T
[Observing Method]Spectrum Lab
[Remarks]32 bit Windows Vista
[Soft FTP]Colorgramme RMOB Lab v 2.9
[E]e'nh{}fgIf|}effb'jfd
