feb| 00h| 01h| 02h| 03h| 04h| 05h| 06h| 07h| 08h| 09h| 10h| 11h| 12h| 13h| 14h| 15h| 16h| 17h| 18h| 19h| 20h| 21h| 22h| 23h|
 01| 71 | 83 | 55 | 27 | 13 | 16 | 5  | 17 | 30 | 31 | 37 | 30 | 28 | 14 | 23 | 14 | 16 | 12 | 10 | 4  | 12 | 14 | 7  | 10 |
 02| 64 | 22 | 39 | 56 | 5  | 20 | 27 |??? |??? |??? |??? |??? |??? |??? |??? |??? | 1  | 7  | 19 | 18 | 18 | 17 | 14 | 23 |
 03| 33 | 47 | 36 | 23 | 20 | 25 | 42 | 30 | 39 | 38 | 27 | 31 | 20 | 27 | 11 | 2  | 13 | 12 | 25 | 17 | 14 | 12 | 26 | 29 |
 04| 35 | 49 | 53 | 14 | 10 | 17 | 38 | 30 | 30 | 17 | 28 | 12 | 0  | 0  | 0  | 0  | 0  | 0  | 0  | 0  | 0  | 0  | 0  | 0  |
 05| 0  | 0  | 0  | 0  | 0  | 0  | 0  | 0  | 0  | 0  | 0  | 0  | 0  | 0  | 0  | 11 | 5  | 2  | 17 | 18 | 23 | 16 | 67 | 18 |
 06| 10 | 15 | 74 | 67 | 15 | 24 | 28 | 28 | 31 | 27 | 23 | 35 | 20 | 47 | 52 | 7  | 10 | 14 | 17 | 21 | 18 | 15 | 15 | 8  |
 07| 52 | 74 | 18 | 12 | 12 | 15 | 20 | 12 | 10 | 13 | 17 | 7  | 15 | 15 | 13 | 67 | 83 | 40 | 16 | 6  | 7  | 10 | 12 | 4  |
 08| 9  | 27 | 37 | 66 | 18 | 30 | 35 | 18 | 24 | 20 | 14 | 33 | 24 | 31 | 10 | 13 | 8  | 13 | 11 | 11 | 54 | 21 | 14 | 10 |
 09| 18 | 24 | 11 | 13 | 6  | 16 | 19 | 23 | 25 | 54 | 39 | 30 | 30 | 24 | 20 | 8  | 5  | 9  | 22 | 19 | 19 | 31 | 8  | 16 |
 10| 23 | 44 | 40 | 20 | 25 | 20 | 45 | 18 | 24 | 44 | 33 | 37 | 35 | 26 | 11 | 11 | 10 | 11 | 19 | 28 | 32 | 23 | 15 | 15 |
 11| 26 | 38 | 30 | 15 | 18 | 19 | 50 | 21 | 39 | 33 | 12 | 4  | 3  | 0  | 1  | 2  | 13 | 5  | 8  | 1  | 1  | 0  | 2  | 0  |
 12| 0  | 0  | 0  | 0  | 0  | 1  | 2  | 3  | 12 | 18 | 26 | 12 | 18 | 9  | 5  | 4  | 1  | 5  | 0  | 7  | 7  | 9  | 12 | 14 |
 13| 20 | 15 | 18 | 10 | 11 | 15 | 15 | 20 | 21 | 12 | 18 | 9  | 14 | 22 | 9  | 4  | 8  | 6  | 12 | 12 | 9  | 8  | 14 | 13 |
 14| 12 | 11 | 19 | 17 | 14 | 9  | 6  | 7  | 5  | 11 | 14 | 17 | 13 | 9  | 19 | 10 | 2  | 4  | 8  | 2  | 2  | 5  | 9  | 11 |
 15| 10 | 17 | 33 | 24 | 14 | 15 | 7  | 6  | 2  | 10 | 7  | 5  | 4  | 5  | 3  | 3  | 6  | 2  | 5  | 4  | 2  | 4  | 8  | 7  |
 16| 12 | 15 | 6  | 19 | 12 | 18 | 15 | 25 | 24 | 16 | 16 | 20 | 11 | 13 | 10 | 10 | 16 | 4  | 8  | 8  | 13 | 6  | 12 | 11 |
 17| 16 | 17 | 10 | 10 | 13 | 10 | 18 | 15 | 22 | 20 | 21 | 22 | 16 | 13 | 2  | 5  | 6  | 3  | 11 | 8  | 8  | 17 | 15 | 29 |
 18| 23 | 18 | 10 | 18 | 12 | 11 | 26 | 28 | 10 | 11 | 25 | 29 | 10 | 20 | 13 | 13 | 8  | 5  | 9  | 7  | 11 | 9  | 5  | 8  |
 19| 11 | 21 | 6  | 10 | 5  | 15 | 15 | 16 | 16 | 21 | 7  | 6  | 12 | 10 | 9  | 2  | 5  | 8  | 8  | 8  | 11 | 10 | 16 | 11 |
 20| 13 | 15 | 15 | 3  | 5  | 9  | 15 | 15 | 7  | 6  | 14 | 7  | 13 | 7  | 9  | 11 | 11 | 10 | 16 | 14 | 14 | 16 | 19 | 23 |
 21| 21 | 20 | 29 | 20 | 24 | 16 | 16 | 16 | 18 | 19 | 20 | 21 | 15 | 23 | 10 | 6  | 6  | 7  | 5  | 3  | 2  | 3  | 4  | 4  |
 22| 4  | 8  | 13 | 24 | 18 | 14 | 20 | 14 | 17 | 15 | 12 | 14 | 14 | 11 | 9  | 3  | 4  | 4  | 2  | 12 | 11 | 9  | 8  | 5  |
 23| 7  | 14 | 12 | 9  | 28 | 21 | 27 | 13 | 20 | 26 | 14 | 28 | 22 | 16 | 5  | 11 | 10 | 2  | 8  | 5  | 6  | 8  | 10 | 12 |
 24| 14 | 19 | 20 | 9  | 10 | 13 | 22 | 22 | 16 | 17 | 20 | 14 | 14 | 10 | 9  | 6  | 3  | 5  | 6  | 10 | 6  | 13 | 17 | 21 |
 25| 14 | 29 | 12 | 12 | 8  | 9  | 16 | 17 | 18 | 18 | 19 | 10 | 17 | 16 | 9  | 3  | 5  | 9  | 4  | 7  | 4  | 13 | 11 | 12 |
 26| 22 | 21 | 33 | 19 | 3  | 14 | 22 | 16 | 10 | 13 | 12 | 15 | 19 | 14 | 15 | 9  | 13 | 10 | 8  | 6  | 10 | 15 | 23 | 17 |
 27| 14 | 20 | 24 | 9  | 5  | 9  | 18 | 19 | 20 | 25 | 28 | 24 | 25 | 10 | 6  | 5  | 7  | 9  | 17 | 13 | 12 | 6  | 8  | 16 |
 28| 13 | 19 | 12 | 25 | 16 | 21 | 20 | 11 | 16 | 21 | 25 | 13 | 19 | 11 | 7  | 3  | 1  | 3  | 5  | 3  | 3  | 11 | 12 |??? |
 29|??? |??? |??? |??? |??? |??? |??? |??? |??? |??? |??? |??? |??? |??? |??? |??? |??? |??? |??? |??? |??? |??? |??? |??? |
 30|??? |??? |??? |??? |??? |??? |??? |??? |??? |??? |??? |??? |??? |??? |??? |??? |??? |??? |??? |??? |??? |??? |??? |??? |
 31|??? |??? |??? |??? |??? |??? |??? |??? |??? |??? |??? |??? |??? |??? |??? |??? |??? |??? |??? |??? |??? |??? |??? |??? |
[Observer]Alastair Grant
[Country]United Kingdom 
[City]Whitwick
[Longitude]001°2200 W
[Latitude ]052°4422 N
[Longitude GMAP]-1.3692421891357753
[Latitude GMAP]52.739501063861
[Frequencies]143.050Mhz
[Antenna]3 Element OWL Yagi
[Azimut Antenna]148
[Elevation Antenna]0
[Pre-Amplifier]None
[Receiver]FCD+ Pro
[Observing Method]Spectrum Lab V2.79
[Remarks]Windows Vista
[Soft FTP]Colorgramme RMOB Lab v 2.9
[E]n{hg}hc99Inffneldh`e'jfd
