feb| 00h| 01h| 02h| 03h| 04h| 05h| 06h| 07h| 08h| 09h| 10h| 11h| 12h| 13h| 14h| 15h| 16h| 17h| 18h| 19h| 20h| 21h| 22h| 23h|
 01| 86 |104 |121 |160 |176 |191 |241 |243 |226 |231 |226 |229 |256 |??? |156 |??? |186 |155 |141 |109 | 77 | 50 | 43 | 43 |
 02| 20 | 2  | 0  | 4  | 19 | 21 | 19 | 27 | 29 | 22 | 25 | 23 | 21 | 14 | 29 | 27 | 38 | 38 | 27 | 18 | 22 | 8  | 12 | 11 |
 03| 10 | 14 | 12 | 9  | 15 | 23 | 24 | 19 | 18 | 22 | 19 | 23 | 31 | 23 | 27 | 28 | 79 |171 |145 |120 |112 | 83 | 57 | 38 |
 04| 56 | 49 | 60 | 56 | 92 |109 |134 |140 |148 |129 |120 |119 |136 |137 |137 |152 |160 |127 |133 | 99 | 61 | 66 | 18 | 11 |
 05| 6  | 5  | 20 | 7  | 18 | 21 | 19 | 25 | 10 | 13 | 37 | 18 | 19 | 18 | 19 | 23 | 26 | 19 | 19 | 21 | 9  | 14 | 5  | 10 |
 06| 2  | 4  | 3  | 7  | 9  | 30 | 18 | 28 | 21 | 22 | 19 | 14 | 34 | 24 | 33 | 40 |112 |142 |147 |121 | 88 | 56 | 48 | 55 |
 07| 56 | 61 | 73 | 77 | 95 |138 |137 |187 |159 |166 |144 |152 |121 |152 |183 |157 |151 |153 |142 |118 | 83 | 80 | 63 | 46 |
 08| 41 | 50 | 75 |111 | 91 |124 |139 |134 |152 |144 |130 |152 |125 |181 |118 |152 |147 |151 |161 |122 | 96 | 69 | 63 | 47 |
 09| 53 | 55 | 74 |101 |133 |151 |143 |195 |191 |192 |192 |199 |201 |220 |183 |185 |172 |148 |150 |135 |107 | 87 | 53 | 61 |
 10| 58 | 66 | 61 | 14 | 19 | 33 | 31 | 38 | 31 | 32 | 41 | 29 | 37 | 40 | 41 | 43 | 59 |196 |151 |109 |103 | 71 | 48 | 38 |
 11| 47 | 62 | 72 | 86 |111 |127 |135 |166 |147 |183 |155 |170 |??? |133 |190 |161 |190 |115 | 82 | 68 | 51 | 27 | 30 | 28 |
 12| 28 | 67 | 34 | 56 | 68 | 63 | 20 | 13 | 9  | 4  | 4  | 6  | 16 | 37 | 37 | 24 | 41 | 32 | 38 | 22 | 17 | 19 | 7  | 9  |
 13| 7  | 12 | 0  | 22 | 28 | 26 | 22 | 25 | 31 | 23 | 33 | 29 | 36 | 45 | 36 | 42 | 44 | 34 | 78 |122 |102 | 63 | 51 | 56 |
 14| 54 | 52 | 71 | 86 |124 |129 |149 |168 |141 |151 |163 |145 |109 |135 |153 | 93 | 53 | 60 | 47 | 28 | 25 | 14 | 17 | 12 |
 15| 13 | 17 | 12 | 27 | 21 | 26 | 36 | 38 | 38 | 40 | 33 | 31 | 40 | 41 | 42 | 50 | 56 | 63 | 62 | 33 | 22 | 24 | 13 | 8  |
 16| 17 | 15 | 14 | 23 | 30 | 39 | 27 | 40 | 24 | 37 | 25 | 41 | 55 | 54 | 44 | 51 | 41 | 54 | 39 | 42 | 19 | 14 | 12 | 9  |
 17| 11 | 17 | 19 | 26 | 35 | 37 | 36 | 43 | 37 | 47 | 39 | 39 | 60 | 54 | 45 | 55 | 60 | 24 | 46 | 33 | 21 | 18 | 13 | 10 |
 18| 14 | 16 | 21 | 20 | 22 | 24 | 40 | 36 | 34 | 44 | 41 | 40 | 32 | 37 | 43 | 43 | 32 | 27 | 40 | 31 | 20 | 19 | 11 | 7  |
 19| 9  | 16 | 15 | 17 | 23 | 26 | 40 | 36 | 34 | 44 | 28 | 49 | 26 | 34 | 49 | 35 | 45 | 30 | 24 | 48 | 19 | 13 | 12 | 1  |
 20| 9  | 15 | 13 | 13 | 15 | 15 | 10 | 20 | 13 | 21 | 16 | 26 | 32 | 30 | 41 | 34 | 44 | 49 | 35 | 33 | 25 | 11 | 13 | 9  |
 21| 17 | 11 | 21 | 15 | 18 | 26 | 25 | 32 | 46 | 45 | 36 | 35 | 38 | 39 | 32 |100 |233 |193 |170 |130 |111 | 83 | 67 | 56 |
 22| 68 | 75 | 92 |101 |139 |161 |185 |203 | 69 | 28 | 38 | 37 | 36 | 47 |??? | 71 | 62 | 46 | 41 | 31 | 52 | 20 | 17 | 7  |
 23| 10 | 12 | 14 | 22 | 30 | 37 | 31 | 39 | 43 | 22 | 27 | 30 | 21 | 24 | 62 | 37 | 37 | 49 | 35 | 34 | 29 | 14 | 16 | 10 |
 24| 13 | 19 | 9  | 21 | 33 | 30 | 33 | 30 | 33 | 36 | 35 | 36 | 44 | 24 | 45 | 44 | 48 |176 |158 |153 |115 | 76 | 64 | 58 |
 25| 51 | 71 | 83 | 98 |115 |164 |176 |196 |109 | 33 | 25 | 26 | 33 | 37 | 43 | 56 |161 |195 |197 |157 |133 | 67 | 54 | 54 |
 26| 55 | 62 | 89 | 65 | 30 | 26 | 38 | 28 | 34 | 29 | 29 | 38 | 40 | 39 | 52 | 41 | 45 | 47 | 35 | 43 | 22 | 12 | 17 | 14 |
 27| 13 | 16 | 12 | 11 | 22 | 23 | 25 | 29 | 24 | 29 | 24 | 19 | 23 | 34 | 35 | 42 | 35 | 33 | 36 | 22 | 16 | 12 | 10 | 16 |
 28| 11 | 18 | 17 | 21 | 28 | 43 | 41 | 36 | 31 | 31 | 26 | 35 | 42 | 44 | 41 | 45 | 57 | 46 | 48 | 38 | 23 | 16 | 17 |??? |
 29|??? |??? |??? |??? |??? |??? |??? |??? |??? |??? |??? |??? |??? |??? |??? |??? |??? |??? |??? |??? |??? |??? |??? |??? |
 30|??? |??? |??? |??? |??? |??? |??? |??? |??? |??? |??? |??? |??? |??? |??? |??? |??? |??? |??? |??? |??? |??? |??? |??? |
 31|??? |??? |??? |??? |??? |??? |??? |??? |??? |??? |??? |??? |??? |??? |??? |??? |??? |??? |??? |??? |??? |??? |??? |??? |
[Observer]Jay Hainline_KA9CFD
[Country]United States of America 
[City]Colchester IL
[Longitude]090°4923 W
[Latitude ]040°3029 N
[Longitude GMAP]-90.82302837477607
[Latitude GMAP]40.508112618303535 
[Frequencies]82.30945 MHz
[Antenna]tv antenna
[Azimut Antenna]90
[Elevation Antenna]0
[Pre-Amplifier]mast mounted
[Receiver]RTL-SDR dongle
[Observing Method]HDSDR and Speclab software
[Remarks]laptop Windows Vista 32 bit
[Soft FTP]Colorgramme RMOB Lab v 2.9
[E]bh0jomIphaff'jfd
