mar| 00h| 01h| 02h| 03h| 04h| 05h| 06h| 07h| 08h| 09h| 10h| 11h| 12h| 13h| 14h| 15h| 16h| 17h| 18h| 19h| 20h| 21h| 22h| 23h|
 01| 39 | 44 | 21 | 29 | 17 | 31 | 29 | 42 | 36 | 46 | 41 | 47 | 38 | 24 | 21 | 27 | 30 | 22 | 26 | 31 | 32 | 31 | 27 | 48 |
 02| 43 | 37 | 35 | 27 | 25 | 30 | 31 | 41 | 42 | 43 | 44 | 26 | 34 | 8  | 15 | 23 | 29 | 27 | 27 | 32 | 39 | 35 | 30 | 42 |
 03| 32 | 41 | 42 | 27 | 35 | 16 | 36 | 40 | 22 | 42 | 19 | 22 | 27 | 25 | 16 | 34 | 20 | 38 | 24 | 42 | 37 | 59 | 38 | 39 |
 04| 53 | 51 | 36 | 34 | 33 | 24 | 39 | 29 | 39 | 42 | 25 | 43 | 44 | 29 | 25 | 24 | 34 | 27 | 62 | 46 | 33 | 30 | 38 | 33 |
 05| 46 | 31 | 36 | 27 | 20 | 19 | 28 | 32 | 30 | 30 | 25 | 34 | 19 | 33 | 27 | 38 | 19 | 19 | 37 | 23 | 47 | 43 | 44 | 36 |
 06| 58 | 39 | 45 | 43 | 32 | 26 | 48 | 41 | 42 | 33 | 13 | 25 | 19 | 25 | 21 | 18 | 23 | 23 | 20 | 18 | 43 | 33 | 33 | 36 |
 07| 24 | 25 | 32 | 23 | 18 | 16 | 12 | 21 | 23 | 26 | 23 | 28 | 27 | 25 | 18 | 22 | 9  | 55 | 14 | 22 | 74 | 36 | 57 | 19 |
 08| 30 | 30 | 37 | 31 | 23 | 30 | 13 | 8  | 15 | 23 | 43 | 29 | 54 | 48 | 11 | 19 | 22 | 15 | 24 | 22 | 16 | 35 | 43 | 42 |
 09| 25 | 28 | 38 | 32 | 25 | 29 | 29 | 19 | 16 | 11 | 20 | 17 | 19 | 10 | 4  | 0  | 1  | 8  | 18 | 25 | 13 | 12 | 17 | 16 |
 10| 17 | 24 | 10 | 29 | 9  | 17 | 32 | 37 | 20 | 8  | 3  | 3  | 0  | 22 | 15 | 17 | 21 | 10 | 12 | 16 | 7  | 18 | 13 | 26 |
 11| 33 | 37 |??? |??? |??? |??? | 14 | 18 | 28 | 1  | 33 | 39 | 19 | 39 | 21 | 25 | 20 | 21 | 22 | 17 | 24 | 34 | 38 | 52 |
 12| 39 | 31 | 30 | 41 | 38 | 46 | 32 | 50 | 47 | 55 | 52 | 50 | 54 | 28 | 29 | 34 | 22 | 27 | 24 | 34 | 20 | 37 | 49 | 35 |
 13| 44 | 33 | 48 | 23 | 39 | 48 | 41 | 36 | 40 | 40 | 28 | 35 | 31 | 44 | 27 | 24 | 22 | 45 | 33 | 32 | 32 | 27 | 49 | 54 |
 14| 42 | 41 | 26 | 29 | 27 | 27 | 47 | 54 | 33 | 30 | 30 | 35 | 35 | 32 | 28 | 15 | 10 | 34 | 16 | 27 | 31 | 27 | 37 | 41 |
 15| 32 | 35 | 45 | 23 | 23 | 36 | 22 | 58 | 50 | 33 | 39 | 24 | 34 | 22 | 22 | 30 | 14 | 27 | 32 | 27 | 31 | 32 | 48 | 49 |
 16| 36 | 47 | 49 | 44 | 25 | 24 | 26 | 39 | 50 | 52 | 47 | 34 | 40 | 30 | 40 | 27 | 20 | 39 | 28 | 33 | 35 | 34 | 40 | 44 |
 17| 44 | 50 | 61 | 33 | 27 | 30 | 30 | 34 | 34 | 51 | 35 | 43 | 42 | 33 | 28 | 32 | 19 | 27 | 28 | 24 | 19 | 28 | 38 | 48 |
 18| 44 | 40 | 36 | 40 | 45 | 24 | 42 | 37 | 26 | 22 | 35 | 7  | 29 | 20 | 21 | 26 | 26 | 12 | 26 | 26 | 30 | 43 | 43 | 45 |
 19| 46 | 32 | 35 | 24 | 27 | 25 | 38 | 34 | 32 | 42 | 34 | 51 | 22 | 31 | 14 | 9  | 22 | 20 | 7  | 1  | 8  | 37 | 29 | 33 |
 20| 48 | 32 | 27 | 32 | 41 | 41 | 36 | 37 | 37 | 46 | 39 | 45 | 36 | 33 | 18 | 20 | 24 | 25 | 30 | 29 | 33 | 42 | 36 | 41 |
 21| 41 | 46 | 39 | 35 | 44 | 40 | 38 | 37 | 45 | 45 | 53 | 48 | 45 | 27 | 22 | 19 | 14 | 31 | 23 | 32 | 26 | 38 | 44 | 51 |
 22| 49 | 41 | 41 | 36 | 29 | 44 | 30 | 36 | 39 | 42 | 41 | 51 | 42 | 19 | 23 | 19 | 30 | 20 | 30 | 31 | 26 | 44 | 40 | 55 |
 23| 53 | 47 | 32 | 33 | 33 | 32 | 20 | 35 | 38 | 50 | 32 | 32 | 38 | 23 | 31 | 21 | 20 | 30 | 20 | 11 | 19 | 34 | 58 | 36 |
 24| 39 | 39 | 48 | 40 | 32 | 36 | 37 | 28 | 39 | 34 | 53 | 32 | 35 | 49 | 41 | 8  | 15 | 35 | 29 | 35 | 26 | 32 | 40 | 27 |
 25| 42 | 33 | 38 | 39 | 35 | 28 | 27 | 31 | 20 | 39 | 31 | 19 | 34 | 26 | 31 | 27 | 21 | 16 | 28 | 22 | 38 | 42 | 42 | 58 |
 26| 43 | 51 | 36 | 40 | 27 | 23 | 46 | 35 | 28 | 41 | 23 | 33 | 28 | 26 | 22 | 32 | 15 | 32 | 27 | 36 | 47 | 33 | 35 | 34 |
 27| 48 | 52 | 39 | 43 | 39 | 32 | 40 | 36 | 26 | 32 | 32 | 30 | 24 | 29 | 16 |144 | 73 | 12 | 0  | 92 |274 |145 | 35 | 26 |
 28| 68 | 27 | 33 | 20 | 76 | 20 | 18 | 71 | 38 | 15 | 19 | 27 | 73 |124 |199 |142 | 21 | 10 | 12 | 22 |142 |286 | 54 | 97 |
 29|176 |141 | 18 | 17 | 20 | 24 | 20 | 44 | 26 | 95 |298 |123 | 23 | 33 | 35 | 23 | 12 | 27 | 20 | 25 | 27 | 32 | 41 | 39 |
 30| 49 | 45 | 28 | 25 | 27 | 32 | 30 | 39 | 42 | 33 | 41 | 36 | 34 | 31 | 27 | 27 | 19 | 15 | 24 | 31 | 27 | 41 | 43 | 49 |
 31| 27 | 52 | 61 | 39 | 34 | 29 | 37 | 28 | 21 | 31 | 40 | 44 | 90 |108 |133 | 62 |??? |??? |??? |??? |??? |??? |??? |??? |
[Observer]Karlovsky Hlohovec_Observatory
[Country]Slovakia 
[City]Hlohovec
[Longitude]017°4748 E
[Latitude ]048°2510 N
[Longitude GMAP]17.79681969
[Latitude GMAP]48.41947175
[Frequencies]143.05 MHz
[Antenna]1/4 GP
[Azimut Antenna]270
[Elevation Antenna]20
[Pre-Amplifier]LNA01A www.mlab.cz
[Receiver]RTL-SDR (FC0013)
[Observing Method]SpectrumLab
[Remarks]
[Soft FTP]Colorgramme RMOB Lab v 2.9
[E]chg'bh{efzbpIndh`e'jfd
