jul| 00h| 01h| 02h| 03h| 04h| 05h| 06h| 07h| 08h| 09h| 10h| 11h| 12h| 13h| 14h| 15h| 16h| 17h| 18h| 19h| 20h| 21h| 22h| 23h|
 01|  23|  28|  60|  58|  92|  94| 103| 112|  64| 136|  30|  43|  36|  42|  36|  39|  24|  30|  35|  56|  86|  61|  97|  23|
 02|  22|  29|  41|  77| 107| 137|  87|  91|  66|  51|  22|  19|  19|  26|  42|  28|  32|  38|  24|  41|  76|  88| 131| 102|
 03|  31|  35|  22|  29|  85| 101|  84|  89|  75|  41|  48|  31|  66|  51|  56|  31|  20|  21|  40|  43|  50|  78|  91|  24|
 04|  33|  64|  68| 111| 109| 125|  96| 105|  71|  50|  21|  43|  31|  22| 196|  86| 169| 115|  38|  68|  45| 131|  75|  50|
 05|  20|  21|  26|  21| 100|  76|  89|  89|  57|  8 |  43|  17|  25|  24|  31| 133| 117|  29|  20|  47|  50|  48|  20|  24|
 06|  11|  14|  28|  68|  63|  85|  74|  75|  46| 109|  97|  15|  23|  29| 257| 153| 168| 104| 114| 144| 162| 149| 129| 130|
 07|  12|  1 |  48|  58|  43|  53| 172| 110|  71|  51|  6 |  14| 286| 273| 267| 111| 166|  85|  14|  24| 282| 220| 148|  99|
 08|  80| 140|  90|  86| 156| 125|  73|  6 |  69| 326| 282|  73|  6 |  6 |  71| 131|  44| 123| 258| 166| 136| 164| 192| 159|
 09| 125| 114| 160| 132| 124| 126|  70| 178|  73| 203|  61|  51|  93|  86|  81|  85| 280| 151|  89| 123|  93| 103| 134| 101|
 10| 105|  24|  31|  54|  60|  54|  74|  59|  51|  24|  67|  45|  98|  60|  61| 106|  73|  26|  41|  55|  74|  65|  72|  30|
 11|  28|  15|  15|  55|  71|  65|  76|  78|  92|  32|  19|  27|  22|  15|  35|  53|  31|  61| 111|  50|  53|  72|  97|  19|
 12|  12|  12|  19|  56|  67|  75|  77|  66|  48|  40|  36|  31|  26|  29|  26|  42|  43|  27|  31|  59|  57|  64|  28|  18|
 13|  15|  14|  27|  43|  51|  82|  52|  58|  52|  24|  30|  41|  38|  26|  38|  89|  20|  19|  50|  37|  56|  59|  73|  70|
 14|  38|  2 |  44|  67|  76|  68|  60|  66| 298| 116|  28|  20|  32|  25|  23|  32|  33|  65|  35|  35|  44|  42|  80|  30|
 15|  17|  15|  26|  48|  67|  75| 123|  81|  41|  30|  57|  15|  16|  31| 136| 120| 218| 203|  55|  51|  72|  48|  61|  26|
 16|  10|  13|  33|  52|  52|  30| 103| 100|  17|  6 | 135| 146| 190| 156| 118|  80| 202| 100| 104| 202| 233| 245| 374| 226|
 17| 237|  65|  79|  44|  47|  55| 147| 320|  96|  40|  34| 117| 152| 146| 184|  64| 159| 281| 192| 213| 130| 185| 260| 271|
 18| 176| 296| 177| 189| 173| 161| 151| 157| 261| 306|  69|  80|  50|  47|  76| 129|  82| 128|  74| 169|  96| 188| 107| 102|
 19| 131| 182|  70|  85| 150| 149| 195| 133|  94|  73|  70| 105|  75|  96| 102| 102|  76|  80|  69|  66|  71|  95|  76|  72|
 20|  41|  60|  52|  56|  75|  84|  47|  49| 121| 123| 130|  60|  60|  96|  90| 107|  96| 166| 123| 211| 120| 258| 247|  88|
 21| 103| 102|  91| 112|  99|  91| 161| 133| 111|  70| 126|  83|  57|  59|  80|  94|  89| 180|  91|  93| 145| 188|  97|  22|
 22|  17|  15|  22|  42|  28|  33|  38|  26|  29|  23|  14|  17|  29|  16|  8 |  22|  6 |  19|  18|  76|  50|  36|  39|  15|
 23|  12|  15|  15|  61|  51|  48|  23|  32|  29|  24|  24|  16|  19|  23|  16|  36|  60|  73|  37|  31| 143|  47| 115|  23|
 24|  8 |  8 |  24|  42|  27|  13| 118|  54|  56|  26|  31|  17|  8 |  19|  10|  20|  18|  28|  23|  35|  45|  50|  71|  60|
 25|  22|  17|  47|  56|  48|  50|  66|  70|  97| 150|  23|  18|  21|  33|  13|  26|  24|  43|  50|  33|  43|  38|  40|  43|
 26|  27|  13|  23|  50|  53|  84|  54|  61|  20|  17|  15|  15|  11|  8 |  12|  10|  63|  98|  21|  96|  65|  55|  58|  18|
 27|  18|  14|  23|  39|  79|  48|  52|  78|  84|  28|  34|  13| 102| 101|  28|  27|  9 |  36|  62|  46| 113|  77|  95|  39|
 28|  0 |  2 |  27|  50|  51|  56| 148|  93| 423| 191|  16|  15|  23|  13|  24|  22|  14|  31|  31|  40|  36|  34|  58|  20|
 29|  31|  31|  28|  43|  40|  32|  45|  45|  40|  23|  32|  12|  8 |??? |??? |??? |  40|  28|  24|  34|  46|  69|  48|  64|
 30|  31|  26|  21|  36|  48|  29|  51|  43|  32|  21|  21|  39|  13|  22|  17|  22|  22|  24|  22|  29|  34|  39|  61|  27|
 31|  31|  11|  35|  34|  33|  30|  45|  41|  41|  10|??? |??? |??? |??? |??? |??? |??? |??? |??? |??? |??? |??? |??? |??? |
[Observer]SMRST Hvezdarna_Vsetin
[Country]Czech Republic 
[City]Vsetin
[Longitude]017°5947 E
[Latitude ]049°2039 S
[Longitude GMAP]17.996388
[Latitude GMAP]49.344166
[Frequencies]49.7498 MHz
[Antenna]X-Beam
[Azimut Antenna]80
[Elevation Antenna]10
[Pre-Amplifier]Bandpass filter
[Receiver]AOR 8000
[Observing Method]HROFFT
[Remarks]AMD Sempron 3200+
[Soft FTP]Colorgramme RMOB Lab v 2.6
[E]c'bf|bheIyfz}'js
