mar| 00h| 01h| 02h| 03h| 04h| 05h| 06h| 07h| 08h| 09h| 10h| 11h| 12h| 13h| 14h| 15h| 16h| 17h| 18h| 19h| 20h| 21h| 22h| 23h|
 01|  66|  84|  75| 115|  95| 140| 176| 244| 122| 102|  86|  70|  86|  52|  28|  31|  87|  34|  22|  27|  31|  84|  54|  52|
 02|  65|  62|  71|  69|  62|  58|  67|  51|  58|  53|  43|  49|  45|  35|  36|  29|  36|  26|  27|  20|  21|  50|  50|  50|
 03|  52|  64|  58|  91| 101| 110|  82| 104|  72|  55|  71|  64|  39|  61|  84|  50|  70|  81| 262| 242|  86|  98| 105|  94|
 04|  89| 102| 102|  80| 118|  93| 111| 174| 140|  71|  60|  59|  53|  36|  48|  51|  39|  42|  67| 121|  94|  52|  60|  56|
 05|  93| 132| 120| 105| 109| 133| 110|  88|  77|  62|  56|  48|  48|  51|  43|  38|  49|  33|  58|  66|  44|  49|  49|  63|
 06|  71| 101|  82|  63|  52|  65|  62| 114| 191| 184| 113| 116|  92|  75|  48|  47| 196| 226| 135|  91|  69|  68|  71|  93|
 07| 130| 100|  64|  72| 167| 177| 161| 166| 164| 122|  93|  91|  77|  63|  71|  91|  66|  68|  92| 106|  44|  19|  16|  19|
 08|  36|  41|  40|  45|  31|  46|  32|  38|  30|  33|  45|  51|  33|  34|  31|  20|  11|  18|  11|  20|  24|  20|  27|  29|
 09|  39|  32|  34|  45|  39|  42|  41|  43|  47|  57|  50|  60|  54|  60|  39|  30|  20|  20|  29|  21|  25|  34|  39|  33|
 10|  39|  44|  62|  76|  55|  41|  49|  57|  79|  56|  58|  64|  56|  41|  42|  34|  21|  22|  29|  28|  21|  23|  25|  45|
 11|  53|  42|  52|  63|  41|  41|  85|  57|  56|  73|  71|  60|  60|  51|  54|  45|  29|  32|  85|  45|  42|  31|  46|  27|
 12|  50|  45|  76|  40|  57|  48|  42|  58|  76|  62|  58|  62|  59|  47|  45|  38|  36|  19|  67|  89| 120|  15|  29|  34|
 13|  71|  64|  62|  57|  48|  67|  49| 122|  87| 107| 107|  96|  95|  68|  77| 105|  61|  38|  29|  26|  29|  36|  55|  40|
 14|  62|  68|  61|  53|  53|  62| 157|  80|  81|  94|  97| 108|  54|  67|  60|  48|  83|  69|  71|  78|  95|  62|  60|  56|
 15|  63|  74|  65|  69|  44|  46|  57|  81|  89|  87|  89|  93|  84|  92|  55|  48|  65| 317|  15|  28|  50|  27|  30|  34|
 16|  39|  44|  59|  42|  57|  47|  59|  65|  77|  85|  85|  57|  48|  75|  50|  77| 196| 118|  45|  45|  42|  41|  59|  64|
 17|  62|  65|  58|  51|  53|  50|  51| 106| 141| 122| 131| 101| 111|  75|  46| 103| 261| 150| 129| 142| 181| 183| 199|  78|
 18|  70|  79|  96| 155|  71|  71|  61| 139| 101|  81|  70|  62|  52|  37|  18|  30|  36| 170|  45|  41|  43|  43|  60|  53|
 19|  61|  69|  58|  59|  36|  51|  63|  51| 114| 118| 139| 129| 100|  93|  58|  44|  60|  96| 191| 504| 230| 100|  97|  98|
 20| 110| 140| 128| 115| 116| 138|  96| 107| 145| 253| 328| 361|  90|  52|  41|  45|  23|  45| 117| 298| 186|  87|  46|  41|
 21|  53|  58|  55|  49|  57|  58|  47|  86|  53|  65|  65|  57|  57| 103|  92|  44|  50|  49|  63|  78|  64|  40|  28|  41|
 22|  54|  36|  46|  47|  44|  52|  49|  46|  57|  91|  73|  75|  92|  38|  81|  46|  33|  54|  31|  21|  21|  48|  93|  64|
 23|  67|  62|  60|  61|  40|  56|  68|  59|  62|  67|  70|  65|  52|  59|  50|  36|  34|  51|  63|  67|  57|  22|  31|  47|
 24|  57|  68|  54|  58|  41|  42|  51|  51|  76|  72|  56|  58|  48|  46|  32|  21|  22|  45|  38|  34|  36|  26|  23|  37|
 25|  34|  50|  58|  62|  65|  45|  61|  55|  58|  61|  83|  61|  60|  51|  48|  43| 316| 282|  50|  56|  21|  23|  30|  55|
 26|  56|  63|  64|  81|  71|  73|  71|  95|  78|  68|  76|  73|  57|  66|  50|  42|  29|  31|  29|  33|  30|  46|  67|  84|
 27|  69|  84| 113|  64|  53|  48|  48|  78|  73|  67|  59| 112| 296| 605| 547| 383| 136|  42|  53|  69|  81|  78|  59|  64|
 28|  83|  66|  87|  85|  76|  52|  67|  68|  65|  63|  73| 101|  80|  67|  64|  43|  27|  30|  36|  25|  34|  32|  36|  50|
 29|  70|  74|  55|  68|  46|  66|  65|  92| 104| 107|  83|  78|  57|  68|  37|  44|  41|  30|  21|  31|  33|  28|  47|  70|
 30|  70|  87|  70|  60|  51|  62|  62|  86|  64|  57|  72|  55|  59|  42|  38|  39|  39|  27|  24|  16|  8 |  22|  29|  34|
 31|  42|  40|  49|  46|  50|  42|  37|  53|  63|  63|  57|  41|  58|  41|  37|  33|  23|  16|  29|  18|  18|  16|  21|  26|
[Observer]Dave Jones
[Country]United Kingdom 
[City]Merriott
[Longitude]002°4753 W
[Latitude ]050°5425 N
[Longitude GMAP]-2.7979701
[Latitude GMAP]50.9069897
[Frequencies]143.050 MHz GRAVES Dijon
[Antenna]HB9CV - Vertical
[Azimut Antenna]110
[Elevation Antenna]0
[Pre-Amplifier]None (Website www.merriott-astro.co.uk)
[Receiver]ICOM PCR1000
[Observing Method]HROFFT
[Remarks]HP Touchsmart WIN7 Home 64bit
[Soft FTP]Colorgramme RMOB Lab v 2.9
[E]mhp9000Iaf}dh`e'jfd
