feb| 00h| 01h| 02h| 03h| 04h| 05h| 06h| 07h| 08h| 09h| 10h| 11h| 12h| 13h| 14h| 15h| 16h| 17h| 18h| 19h| 20h| 21h| 22h| 23h|
 01|  10|  9 |  9 |  11|  8 |  12|  13|  6 |  8 |  6 |  7 |  12|  10|  10|  6 |  2 |  4 |  3 |  2 |  5 |  2 |  4 |  3 |  3 |
 02|  3 |  7 |  4 |  6 |  5 |  7 |  4 |  3 |  3 |  7 |  6 |??? |  5 |  6 |  5 |  5 |  3 |  3 |  4 |  4 |  4 |  2 |  6 |  4 |
 03|  8 |  8 |  3 |  5 |  4 |  3 |  2 |  3 |  2 |  4 |  3 |  4 |  4 |  4 |??? |??? |  1 |  1 |  1 |  1 |  2 |  2 |  2 |  1 |
 04|??? |  2 |  4 |  3 |  2 |  2 |  2 |  4 |  2 |  5 |  2 |??? |  1 |??? |??? |  3 |  2 |  2 |??? |  4 |  3 |  2 |  1 |  0 |
 05|??? |??? |??? |  1 |  1 |  5 |  3 |  3 |  3 |  2 |  11|  3 |  2 |??? |  2 |  1 |  2 |  2 |??? |  2 |??? |  1 |  2 |  3 |
 06|  1 |  3 |  2 |  3 |  3 |  4 |  2 |  2 |  2 |  1 |  1 |  1 |  2 |??? |??? |??? |  1 |??? |??? |??? |??? |??? |??? |  0 |
 07|  2 |  2 |  2 |??? |  1 |  1 |  1 |??? |??? |  2 |  5 |??? |  2 |  2 |??? |  1 |??? |??? |  1 |??? |  1 |  2 |??? |  0 |
 08|  1 |  2 |  3 |  2 |  2 |  1 |  3 |  2 |  3 |  6 |  3 |  6 |  3 |  3 |??? |  1 |??? |  2 |??? |  1 |??? |??? |  1 |  1 |
 09|  3 |  2 |  2 |??? |  4 |  1 |??? |  1 |??? |??? |  2 |  8 |  3 |??? |??? |  2 |  4 |??? |??? |??? |??? |  2 |  2 |  6 |
 10|  3 |  2 |  2 |  1 |  2 |  3 |  4 |  7 |  4 |  2 |  6 |  4 |  1 |  3 |  2 |  1 |??? |  2 |??? |  3 |  2 |  2 |  1 |  2 |
 11|  5 |  1 |  7 |  8 |  3 |  1 |  7 |  3 |  4 |  4 |  2 |  4 |  1 |??? |??? |??? |??? |??? |??? |??? |??? |??? |??? |  0 |
 12|??? |??? |??? |??? |??? |??? |??? |??? |  1 |??? |  2 |  3 |  7 |  1 |??? |  1 |??? |??? |  2 |  1 |  1 |  1 |  1 |  8 |
 13|  2 |??? |  2 |??? |  1 |  3 |??? |  3 |  2 |  3 |  2 |  5 |  6 |  1 |  3 |  4 |  3 |  3 |  1 |  2 |  3 |  1 |  2 |  6 |
 14|  5 |  2 |  8 |  6 |  5 |  2 |  4 |  1 |  1 |  2 |  5 |  6 |  7 |  4 |  2 |  3 |  5 |  1 |  1 |  2 |??? |  2 |  4 |  3 |
 15|  3 |  3 |  5 |  5 |  3 |  4 |  4 |  5 |  1 |  6 |  4 |  5 |  6 |  1 |  2 |  3 |  2 |  3 |  2 |??? |  1 |  6 |  6 |  4 |
 16|  5 |  5 |  12|  6 |  9 |  3 |  4 |  6 |  8 |  1 |  3 |  5 |  5 |  7 |  3 |??? |??? |  2 |  2 |  3 |  1 |  1 |  3 |  3 |
 17|  2 |  5 |  4 |  5 |  2 |  3 |  5 |  3 |??? |  4 |  6 |  4 |  6 |  1 |  5 |  5 |  4 |  1 |  1 |  4 |  4 |  3 |  2 |  0 |
 18|??? |  4 |  4 |  7 |  4 |  2 |  3 |  4 |  4 |  8 |  3 |  7 |  2 |  5 |  4 |??? |  1 |??? |  2 |  1 |  5 |??? |  3 |  5 |
 19|  7 |  8 |  6 |  9 |  5 |  9 |  5 |  7 |  1 |  5 |  4 |  8 |  5 |  7 |  3 |  8 |  1 |  3 |  1 |  2 |  3 |  3 |  1 |  5 |
 20|  5 |  7 |  6 |  4 |  6 |  7 |  8 |  4 |  1 |  8 |  1 |  1 |  6 |  3 |??? |  4 |  4 |  1 |  2 |  4 |  2 |  5 |  3 |  3 |
 21|  4 |  1 |  4 |  6 |  2 |  11|  3 |  3 |  11|  5 |  6 |  7 |  3 |  5 |  2 |  2 |  3 |  6 |  4 |??? |  1 |  1 |??? |  3 |
 22|  3 |  4 |  2 |??? |  1 |  5 |  2 |??? |  2 |  1 |??? |??? |??? |??? |  1 |??? |  1 |??? |  1 |??? |??? |  1 |  1 |  0 |
 23|  5 |  6 |  1 |  3 |  3 |  5 |  4 |  5 |  2 |  5 |  3 |  8 |  2 |  2 |  2 |  2 |  2 |  1 |  1 |  2 |  6 |  1 |  2 |  3 |
 24|  6 |  6 |  3 |  5 |  5 |  4 |  2 |  3 |  2 |  7 |  5 |  4 |  6 |  4 |  1 |  3 |  4 |  1 |  4 |  1 |  3 |??? |  5 |  7 |
 25|  2 |  8 |  8 |  5 |  7 |  6 |  4 |  5 |  4 |  2 |  4 |  4 |  6 |  6 |  2 |  5 |  3 |  1 |  1 |  4 |  4 |  3 |  1 |  1 |
 26|  5 |  5 |  7 |  6 |  7 |  6 |  8 |  9 |  6 |  5 |  4 |  6 |  11|  5 |  5 |  1 |  2 |  1 |  6 |  2 |  2 |  3 |  5 |  5 |
 27|  4 |  9 |  9 |  3 |  5 |  6 |  2 |  4 |  4 |  6 |  6 |  5 |  4 |  4 |  1 |  6 |  1 |??? |  5 |  2 |  5 |  2 |  3 |  6 |
 28|  3 |  5 |  8 |  3 |  7 |  2 |  4 |  8 |  2 |  3 |  6 |  5 |  4 |  4 |  11|  4 |  2 |  4 |  2 |  4 |  4 |  5 |  3 |  0 |
 29|??? |??? |??? |??? |??? |??? |??? |??? |??? |??? |??? |??? |??? |??? |??? |??? |??? |??? |??? |??? |??? |??? |??? |??? |
 30|??? |??? |??? |??? |??? |??? |??? |??? |??? |??? |??? |??? |??? |??? |??? |??? |??? |??? |??? |??? |??? |??? |??? |??? |
 31|??? |??? |??? |??? |??? |??? |??? |??? |??? |??? |??? |??? |??? |??? |??? |??? |??? |??? |??? |??? |??? |??? |??? |??? |
[Observer]Kate Kay
[Country]United Kingdom 
[City]Chardstock
[Longitude]002°5859 W
[Latitude ]050°4959 N
[Longitude GMAP]-2.7535472
[Latitude GMAP]50.732935
[Frequencies]143.050
[Antenna]HB9CV Vertical
[Azimut Antenna]110
[Elevation Antenna]0
[Pre-Amplifier]None
[Receiver]ICOM PCR1000
[Observing Method]HROFFT
[Remarks]Win XP
[Soft FTP]Colorgramme RMOB Lab v 2.5
[E]bh}lheehg>?Ik}`g}l{gl}'jfd
