jun| 00h| 01h| 02h| 03h| 04h| 05h| 06h| 07h| 08h| 09h| 10h| 11h| 12h| 13h| 14h| 15h| 16h| 17h| 18h| 19h| 20h| 21h| 22h| 23h|
 01| 282| 513| 456| 405| 370| 344| 469| 398| 452| 540| 497| 510| 490| 543| 536| 511| 549| 420| 426| 314| 264| 243| 268| 331|
 02| 426| 383| 338| 372| 406| 348| 384| 340| 353| 343| 339| 344| 323| 292| 340| 286| 335| 380| 440| 414| 370| 314| 382| 565|
 03| 383| 287| 274| 200| 131|  87|  19| 133| 472| 558| 600| 604| 762| 768| 853| 884| 880|  45|  0 |  0 |  0 |  0 |  0 |  0 |
 04|  0 |  0 |  0 |  0 |  0 |  0 |  0 |  0 |  0 |  0 |  0 |  0 |  0 |  0 |  0 |  0 |  0 |  0 |  0 |  0 |  0 |  0 |  0 |  0 |
 05|  0 |  0 |  0 |  0 |  0 |  0 |  0 |  0 |  0 |  0 |  0 |  0 |  0 |  0 |  0 |  0 |  0 |  0 |  0 |  0 |  0 |  0 |  0 |  0 |
 06|  0 |  0 |  0 |  0 |  0 |  27|  35|  42|  39|  18|  67|  62|  83| 117|  80|  61|  56| 117|  86|  63|  50|  38|  21|  10|
 07|  11|  5 |  20|  6 |  15|  21|  26|  36|  19|  56|  32| 103|  83|  96| 105| 117|  74| 106| 108|  80| 103| 132| 130|  96|
 08| 116|  81|  91|  25|??? |??? |??? |  13|  32|  16|  41|  26|  9 |  22|  97|  49|  12|  37|  14|  24|  51|  27|  30|  31|
 09|  18|  20|  15|  8 |  15|  16|  16|  11|  13|  13|  16|  10|  21|  28|  36|  31|  27|  30|  41|  33|  67|  70|  34|  13|
 10|  10|  14|  15|  6 |  18|  14|  10|  6 |  17|  12|  26|  19|  14|  19|  28|  22|  45|  39|  44|  27|  21|  26|  16|  11|
 11|  16|  8 |  11|  5 |  7 |  12|  14|  6 |  12|  19|  20|  24|  9 |  19|  26|  9 |  3 |  5 |  10|  8 |  12|  7 |  5 |  5 |
 12|  5 |  15|  13|  25|  10|  10|  8 |  11|  7 |  11|  11|  11|  15|  33|  28|  35|  31|  36|  27|  29|  31|  48|  12|  8 |
 13|  4 |  12|  5 |  2 |  4 |  9 |  7 |  9 |  11|  9 |  13|  18|  9 |  13|  13|  13|  21|  12|  12|  20|  25|  14|  16|  7 |
 14|  7 |  6 |  7 |  2 |  4 |  7 |  12|  11|  9 |  16|  14|  13|  8 |  17|  23|  23|  21|  18|  17|  18|  16|  13|  15|  17|
 15|  14|  7 |  6 |  5 |  8 |  13|  21|  13|  12|??? |??? |??? |??? |??? |??? |??? |??? |??? |??? |??? |??? |??? |??? |??? |
 16|??? |??? |??? |??? |??? |??? |??? |??? |??? |??? |??? |??? |??? |??? |??? |??? |??? |??? |??? |??? |??? |??? |??? |??? |
 17|??? |??? |??? |??? |??? |??? |??? |??? |??? |??? |??? |??? |??? |??? |??? |??? |??? |??? |??? |??? |??? |??? |??? |??? |
 18|??? |??? |??? |??? |??? |??? |??? |??? |??? |??? |??? |??? |??? |??? |??? |??? |??? |??? |??? |??? |??? |??? |??? |??? |
 19|??? |??? |??? |??? |??? |??? |??? |??? |??? |??? |??? |??? |??? |??? |??? |??? |??? |??? |??? |??? |??? |??? |??? |  31|
 20|  40|  25|  25|  30|  34|  30|  28|  35|  40|  33|  45|  51|  44|  57|  61|  58|  65| 144| 137|  99| 125| 128|  70|  31|
 21|  23|  31|  20|  15|  10|  12|  7 |  12|  7 |  13|  13|  24|  14|  27|  24|  35|  42|  40|  46|  25|  24|  20|  28|  28|
 22|  25|  14|  15|  16|  10|  15|  11|  5 |  11|  21|  11|  20|  9 |  5 |  15|  11|  17|  12|  11|  15|  8 |  2 |  2 |  13|
 23|  11|  8 |  3 |  2 |  4 |  5 |  0 |  0 |  2 |  2 |  1 |  4 |  1 |  3 |  2 |  3 |  8 |  2 |  7 |  9 |  3 |  5 |  2 |  6 |
 24|  2 |  4 |  3 |  5 |  0 |  2 |  1 |  0 |  2 |  2 |  4 |  6 |  5 |  5 |  5 |  4 |  7 |  7 |  7 |  4 |  6 |  5 |  3 |  1 |
 25|  4 |  2 |  1 |  3 |  0 |  0 |  2 |  0 |  0 |  2 |  0 |  2 |  3 |  4 |  0 |  3 |  4 |  3 |  2 |  5 |  4 |  0 |  3 |  0 |
 26|  1 |  0 |  0 |  1 |  0 |  2 |  3 |  4 |  1 |  3 |  2 |  1 |  5 |  3 |  4 |  3 |  11|  9 |  11|  6 |  11|  12|  2 |  8 |
 27|  3 |  2 |  0 |  1 |  1 |  7 |  5 |  4 |  5 |  3 |  6 |  5 |  7 |  5 |  5 |  8 |  9 |  12|  6 |  9 |  21|  15|  11|  15|
 28|  6 |  4 |  2 |  1 |  1 |  0 |  2 |  1 |  5 |  3 |  5 |  0 |  5 |  4 |  6 |  4 |  6 |  11|  8 |  15|  6 |  7 |  3 |  2 |
 29|  1 |  2 |  1 |  1 |  1 |  1 |  5 |  5 |  2 |  2 |  2 |  4 |  6 |  10|  11|  13|  10|  10|  10|  6 |  10|  5 |  8 |  7 |
 30|  3 |  1 |  1 |  4 |  2 |  1 |  3 |  3 |  6 |  7 |  6 |  9 |  5 |  8 |  11|  19|  26|  17|  26|  19|  16|??? |??? |??? |
 31|??? |??? |??? |??? |??? |??? |??? |??? |??? |??? |??? |??? |??? |??? |??? |??? |??? |??? |??? |??? |??? |??? |??? |??? |
[Observer]Andrew Klekociuk
[Country]Australia 
[City]Kingston, Tasmania
[Longitude]147°1634 E
[Latitude ]042°5812 S
[Longitude GMAP]147.2763
[Latitude GMAP]-42.970
[Frequencies]115.9 MHz Wonthaggi VOR
[Antenna]Discone WinRadio AX-71C
[Azimut Antenna]0
[Elevation Antenna]0
[Pre-Amplifier]WinRadio WR-LNA-3500 + WR-BT-3500
[Receiver]WinRadio G305e
[Observing Method]HROFFT
[Remarks]Lenovo R400 2 core 2.1 GHz Win7-64
[Soft FTP]Colorgramme RMOB Lab v 2.9
[E]hgm{l~'belbfj`|bIndh`e'jfd
