may| 00h| 01h| 02h| 03h| 04h| 05h| 06h| 07h| 08h| 09h| 10h| 11h| 12h| 13h| 14h| 15h| 16h| 17h| 18h| 19h| 20h| 21h| 22h| 23h|
 01| 0  | 0  | 0  | 0  | 0  | 2  | 0  | 1  | 1  | 4  | 0  | 2  | 0  | 0  | 0  | 0  | 2  | 0  | 1  | 0  | 1  | 1  | 1  | 1  |
 02| 0  | 0  | 0  | 1  | 1  | 0  | 1  | 0  | 1  | 2  | 1  | 1  | 0  | 1  | 1  | 0  | 0  | 0  | 0  | 0  | 0  | 0  | 0  | 0  |
 03| 0  | 0  | 0  | 0  | 0  | 0  | 0  | 1  | 1  | 0  | 0  | 0  | 1  | 1  | 0  | 0  | 1  | 0  | 0  | 0  | 1  | 5  | 0  | 0  |
 04| 0  | 1  | 0  | 0  | 0  | 3  | 2  | 23 | 4  | 20 | 11 | 10 | 1  | 1  | 0  | 3  | 0  | 0  | 0  | 2  | 0  | 0  | 3  | 0  |
 05| 1  | 1  | 2  | 2  | 1  | 7  | 15 | 7  | 9  | 11 | 0  | 3  | 0  | 0  | 7  | 1  | 1  | 5  | 1  | 0  | 0  | 0  | 0  | 1  |
 06| 0  | 0  | 1  | 0  | 1  | 7  | 40 | 29 | 31 | 11 | 25 | 2  | 3  | 9  | 2  | 0  | 0  | 1  | 0  | 1  | 0  | 1  | 0  | 1  |
 07| 0  | 2  | 1  | 1  | 1  | 5  | 3  | 5  | 3  | 3  | 0  | 0  | 1  | 1  | 0  | 1  | 1  | 2  | 0  | 0  | 0  | 0  | 0  | 1  |
 08| 1  | 0  | 1  | 2  | 1  | 2  | 1  | 6  | 6  | 1  | 1  | 3  | 0  | 0  | 3  | 1  | 2  | 1  | 0  | 2  | 1  | 2  | 2  | 0  |
 09| 3  | 1  | 2  | 2  | 8  | 2  | 3  | 5  | 5  | 4  | 1  | 2  | 2  | 2  | 0  | 1  | 1  | 0  | 1  | 0  | 0  | 0  | 0  | 0  |
 10| 1  | 0  | 1  | 0  | 1  | 2  | 4  | 2  | 21 | 17 | 14 | 0  | 7  | 39 | 9  | 39 | 0  | 23 | 1  | 5  | 51 | 1  | 1  | 0  |
 11| 1  | 3  | 2  | 0  | 1  | 3  | 6  | 34 | 1  | 5  | 12 | 3  | 0  | 1  | 2  | 1  | 2  | 1  | 1  | 0  | 0  | 0  | 1  | 1  |
 12| 1  | 1  | 1  | 3  | 8  | 0  | 6  | 4  | 0  | 1  | 3  | 2  | 3  | 4  | 0  | 3  | 1  | 0  | 0  | 0  | 0  | 1  | 0  | 2  |
 13| 3  | 1  | 0  | 2  | 1  | 3  | 1  | 27 | 3  | 4  | 1  | 3  | 1  | 1  | 1  | 1  | 0  | 1  | 1  | 2  | 0  | 1  | 1  | 0  |
 14| 2  | 1  | 2  | 5  | 1  | 2  | 3  | 4  | 3  | 3  | 3  | 1  | 1  | 1  | 1  | 1  | 0  | 2  | 0  | 1  | 0  | 1  | 1  | 1  |
 15| 3  | 3  | 0  | 2  | 1  | 3  | 4  | 3  | 3  | 1  | 1  | 0  | 1  | 0  | 0  | 2  | 1  | 0  | 1  | 0  | 1  | 1  | 2  | 1  |
 16| 2  | 2  | 1  | 0  | 0  | 2  | 2  | 1  | 5  | 3  | 3  | 1  | 0  | 0  | 2  | 0  | 0  | 1  | 0  | 0  | 1  | 0  | 1  | 1  |
 17| 2  | 0  | 4  | 1  | 0  | 2  | 4  | 5  | 4  | 1  | 4  | 0  | 3  | 0  | 2  | 2  | 1  | 1  | 1  | 0  | 0  | 0  | 0  | 2  |
 18| 2  | 3  | 0  | 4  | 2  | 5  | 4  | 2  | 3  | 2  | 0  | 1  | 1  | 4  | 1  | 0  | 3  | 0  | 1  | 0  | 0  | 2  | 2  | 1  |
 19| 3  | 2  | 1  | 1  | 1  | 4  | 3  | 8  | 2  | 1  | 4  | 2  | 3  | 1  | 3  | 2  | 26 | 33 | 0  | 40 | 34 | 1  | 1  | 1  |
 20| 0  | 0  | 4  | 3  | 4  | 1  | 6  | 7  | 11 | 4  | 5  | 2  | 9  | 2  | 0  | 1  | 1  | 1  | 1  | 1  | 2  | 1  | 1  | 0  |
 21| 3  | 1  | 0  | 2  | 0  | 0  | 9  | 2  | 2  | 1  | 13 | 2  | 3  | 0  | 1  | 2  | 1  | 0  | 0  | 0  | 0  | 2  | 2  | 2  |
 22| 0  | 1  | 1  | 1  | 3  | 23 | 16 | 3  | 2  | 4  | 1  | 4  | 1  | 3  | 2  | 3  | 1  | 0  | 1  | 1  | 2  | 1  | 1  | 0  |
 23| 1  | 4  | 0  | 2  | 3  | 4  | 6  | 3  | 0  | 4  | 0  | 1  | 3  | 4  | 0  | 1  | 0  | 0  | 0  | 1  | 3  | 1  | 1  | 1  |
 24| 0  | 4  | 1  | 2  | 2  | 2  | 1  | 4  | 4  | 3  | 2  | 2  | 1  | 2  | 1  | 1  | 3  | 0  | 3  | 0  | 0  | 0  | 4  | 4  |
 25| 2  | 3  | 0  | 2  | 1  | 4  | 2  | 7  | 5  | 1  | 1  | 1  | 1  | 2  | 0  | 1  | 1  | 4  | 0  | 0  | 1  | 0  | 5  | 3  |
 26| 5  | 4  | 1  | 3  | 4  | 4  | 2  | 4  | 4  | 3  | 2  | 2  | 1  | 1  | 2  | 1  | 0  | 0  | 1  | 1  | 0  | 0  | 2  | 0  |
 27| 1  | 3  | 4  | 1  | 3  | 1  | 2  | 8  | 12 | 3  | 1  | 2  | 1  | 4  | 2  | 1  | 0  | 2  | 1  | 1  | 1  | 0  | 2  | 0  |
 28| 0  | 0  | 5  | 3  | 0  | 13 | 2  | 1  | 0  | 8  | 3  | 4  | 2  | 5  | 1  | 0  | 0  | 2  | 4  | 1  | 0  | 0  | 0  | 3  |
 29| 2  | 2  | 1  | 2  | 1  | 5  | 4  | 8  | 2  | 2  | 0  | 2  | 3  | 5  | 1  | 1  | 1  |??? |??? |??? |??? |??? |??? |??? |
 30|??? |??? |??? |??? |??? |??? |??? |??? |??? |??? |??? |??? |??? |??? |??? |??? |??? |??? |??? |??? |??? |??? |??? |??? |
 31|??? |??? |??? |??? |??? |??? |??? |??? |??? |??? |??? |??? |??? |??? |??? |??? |??? |??? |??? |??? |??? |??? |??? |??? |
[Observer]Michael Korb
[Country]Germany 
[City]Berlin
[Longitude]013°0000 E
[Latitude ]052°0000 N
[Longitude GMAP]13.31731
[Latitude GMAP]52.49804
[Frequencies]143MHz
[Antenna]Allband Albrecht
[Azimut Antenna]270
[Elevation Antenna]60
[Pre-Amplifier]
[Receiver]PCR1000
[Observing Method]Audio
[Remarks]MiniPC
[Soft FTP]Colorgramme RMOB Lab v 2.9
[E]d`jahlebf{kIhe`jl$mze'ml
