feb| 00h| 01h| 02h| 03h| 04h| 05h| 06h| 07h| 08h| 09h| 10h| 11h| 12h| 13h| 14h| 15h| 16h| 17h| 18h| 19h| 20h| 21h| 22h| 23h|
 01| 1  | 1  | 1  | 2  | 3  | 1  | 0  | 1  | 4  | 4  | 5  | 2  | 1  | 1  | 1  | 3  | 0  | 1  | 0  | 0  | 2  | 1  | 0  | 0  |
 02| 2  | 2  | 0  | 3  | 5  | 4  | 1  | 1  | 0  | 10 | 5  | 6  | 4  | 4  | 0  | 1  | 0  | 2  | 0  | 2  | 2  | 1  | 1  | 1  |
 03| 4  | 5  | 0  | 1  | 0  | 1  | 0  | 0  | 2  | 2  | 3  | 6  | 0  | 0  | 0  | 0  | 0  | 0  | 1  | 0  | 0  | 0  | 3  | 2  |
 04| 2  | 2  | 2  | 4  | 2  | 2  | 3  | 1  | 3  | 3  | 3  | 3  | 0  | 1  | 0  | 1  | 0  | 1  | 2  | 1  | 1  | 1  | 2  | 6  |
 05| 4  | 3  | 0  | 3  | 3  | 0  | 2  | 6  | 3  | 6  | 5  | 6  | 0  | 4  | 2  | 0  | 0  | 1  | 5  | 2  | 2  | 2  | 1  | 4  |
 06| 5  | 3  | 0  | 2  | 6  | 2  | 2  | 4  | 4  | 8  | 3  | 5  | 2  | 2  | 3  | 5  | 0  | 3  | 2  | 0  | 0  | 3  | 2  | 4  |
 07| 2  | 2  | 9  | 3  | 1  | 1  | 2  | 1  | 1  | 1  | 2  | 2  | 1  | 1  | 1  | 0  | 0  | 0  | 2  | 1  | 1  | 1  | 1  | 3  |
 08| 0  | 2  | 1  | 0  | 1  | 1  | 2  | 1  | 0  | 0  | 3  | 2  | 1  | 1  | 2  | 0  | 1  | 1  | 1  | 1  | 2  | 1  | 1  | 0  |
 09| 0  | 1  | 0  | 0  | 0  | 0  | 0  | 1  | 0  | 0  | 0  | 1  | 3  | 0  | 0  | 0  | 1  | 1  | 0  | 0  | 0  | 3  | 3  | 1  |
 10| 0  | 0  | 1  | 3  | 3  | 0  | 3  | 3  | 2  | 1  | 0  | 6  | 68 | 6  | 1  | 1  | 1  | 2  | 0  | 0  | 1  | 1  | 1  | 2  |
 11| 1  | 4  | 2  | 2  | 1  | 5  | 2  | 2  | 2  | 14 | 25 | 7  | 0  | 0  | 0  | 0  | 0  | 0  | 0  | 0  | 0  | 0  | 0  | 0  |
 12| 0  | 0  | 0  | 0  | 0  | 0  | 1  | 0  | 0  | 0  | 6  | 11 | 2  | 0  | 2  | 5  | 1  | 0  | 1  | 0  | 1  | 0  | 0  | 0  |
 13| 2  | 3  | 2  | 4  | 3  | 3  | 4  | 4  | 1  | 3  | 2  | 2  | 1  | 1  | 1  | 1  | 0  | 1  | 0  | 0  | 1  | 0  | 1  | 1  |
 14| 1  | 2  | 3  | 0  | 4  | 1  | 3  | 1  | 2  | 2  | 2  | 0  | 1  | 0  | 1  | 1  | 1  | 0  | 1  | 0  | 0  | 0  | 2  | 0  |
 15| 2  | 2  | 0  | 2  | 1  | 2  | 1  | 3  | 1  | 1  | 2  | 2  | 2  | 1  | 0  | 0  | 0  | 0  | 0  | 1  | 2  | 0  | 0  | 1  |
 16| 0  | 0  | 2  | 1  | 0  | 0  | 1  | 4  | 2  | 4  | 15 | 30 | 3  | 25 | 0  | 1  | 2  | 1  | 6  | 1  | 0  | 0  | 0  | 0  |
 17| 3  | 0  | 0  | 1  | 1  | 0  | 0  | 0  | 1  | 2  | 3  | 1  | 1  | 3  | 0  | 1  | 0  | 5  | 4  | 3  | 2  | 0  | 2  | 3  |
 18| 0  | 2  | 0  | 3  | 3  | 3  | 7  | 2  | 1  | 0  | 1  | 1  | 4  | 0  | 0  | 0  | 0  | 1  | 9  | 5  | 3  | 0  | 1  | 1  |
 19| 2  | 2  | 2  | 0  | 1  | 3  | 0  | 0  | 2  | 2  | 0  | 2  | 4  | 0  | 0  | 0  | 1  | 0  | 0  | 0  | 2  | 0  | 1  | 2  |
 20| 0  | 2  | 2  | 0  | 2  | 0  | 3  | 1  | 1  | 0  | 2  | 1  | 0  | 2  | 0  | 0  | 0  | 0  | 0  | 0  | 1  | 0  | 0  | 0  |
 21| 0  | 0  | 2  | 1  | 1  | 1  | 0  | 0  | 0  | 1  | 3  | 0  | 1  | 0  | 1  | 2  | 2  | 0  | 1  | 0  | 1  | 2  | 1  | 0  |
 22| 0  | 0  | 1  | 0  | 0  | 0  | 1  | 1  | 3  | 1  | 2  | 1  | 0  | 1  | 1  | 0  | 1  | 0  | 0  | 0  | 0  | 1  | 2  | 1  |
 23| 0  | 2  | 2  | 0  | 3  | 0  | 1  | 2  | 0  | 1  | 0  | 17 | 17 | 4  | 0  | 0  | 0  | 1  | 0  | 0  | 0  | 0  | 0  | 0  |
 24| 2  | 0  | 0  | 0  | 0  | 0  | 0  | 0  | 2  | 1  | 1  | 0  | 2  | 1  | 0  | 1  | 0  | 3  | 2  | 0  | 0  | 2  | 0  | 0  |
 25| 2  | 0  | 0  | 1  | 2  | 1  | 1  | 1  | 0  | 4  | 1  | 1  | 4  | 12 | 1  | 0  | 0  | 0  | 1  | 2  | 2  | 0  | 1  | 2  |
 26| 1  | 2  | 1  | 2  | 1  | 2  | 0  | 3  | 1  | 23 | 19 | 13 | 3  | 0  | 1  | 0  | 2  | 0  | 2  | 2  | 2  | 0  | 1  | 1  |
 27| 2  | 0  | 1  | 2  | 5  | 1  | 3  | 3  | 1  | 4  | 5  | 2  | 2  | 2  | 2  | 3  | 0  | 0  | 1  | 0  | 2  | 2  | 0  | 0  |
 28| 0  | 0  | 0  | 3  | 0  | 3  | 1  | 3  | 2  | 3  | 4  | 1  | 0  | 1  | 3  | 1  | 0  | 1  | 0  | 1  | 1  | 0  | 1  |??? |
 29|??? |??? |??? |??? |??? |??? |??? |??? |??? |??? |??? |??? |??? |??? |??? |??? |??? |??? |??? |??? |??? |??? |??? |??? |
 30|??? |??? |??? |??? |??? |??? |??? |??? |??? |??? |??? |??? |??? |??? |??? |??? |??? |??? |??? |??? |??? |??? |??? |??? |
 31|??? |??? |??? |??? |??? |??? |??? |??? |??? |??? |??? |??? |??? |??? |??? |??? |??? |??? |??? |??? |??? |??? |??? |??? |
[Observer]Michael Korb
[Country]Germany 
[City]Berlin
[Longitude]013°0000 E
[Latitude ]052°0000 N
[Longitude GMAP]13.31731
[Latitude GMAP]52.49804
[Frequencies]143MHz
[Antenna]Allband Albrecht
[Azimut Antenna]270
[Elevation Antenna]60
[Pre-Amplifier]
[Receiver]PCR1000
[Observing Method]Audio
[Remarks]MiniPC
[Soft FTP]Colorgramme RMOB Lab v 2.9
[E]d`jahlebf{kIhe`jl$mze'ml
