jul| 00h| 01h| 02h| 03h| 04h| 05h| 06h| 07h| 08h| 09h| 10h| 11h| 12h| 13h| 14h| 15h| 16h| 17h| 18h| 19h| 20h| 21h| 22h| 23h|
 01| 0  | 3  | 2  | 2  | 1  | 4  | 3  | 1  | 1  | 0  | 10 | 27 | 18 | 8  | 0  | 1  | 0  | 1  | 0  | 0  | 0  | 0  | 2  | 0  |
 02| 0  | 0  | 0  | 3  | 0  | 11 | 35 | 29 | 19 | 17 | 8  | 6  | 7  | 1  | 3  | 2  | 1  | 0  | 2  | 1  | 2  | 0  | 1  | 1  |
 03| 3  | 1  | 2  | 2  | 1  | 3  | 1  | 21 | 5  | 0  | 3  | 2  | 0  | 1  | 3  | 5  | 3  | 0  | 0  | 1  | 2  | 2  | 0  | 1  |
 04| 1  | 1  | 1  | 2  | 0  | 1  | 2  | 2  | 3  | 2  | 1  | 4  | 1  | 1  | 2  | 3  | 5  | 0  | 0  | 3  | 1  | 0  | 0  | 2  |
 05| 1  | 0  | 4  | 7  | 4  | 2  | 0  | 4  | 1  | 2  | 6  | 2  | 1  | 3  | 2  | 2  | 1  | 3  | 18 | 23 | 2  | 0  | 0  | 1  |
 06| 0  | 0  | 0  | 0  | 1  | 9  | 16 | 65 | 37 | 25 | 1  | 15 | 30 | 2  | 14 | 14 | 21 | 3  | 0  | 1  | 0  | 2  | 2  | 3  |
 07| 1  | 0  | 3  | 0  | 4  | 12 | 13 | 5  | 9  | 16 | 6  | 18 | 7  | 4  | 2  | 1  | 1  | 2  | 3  | 0  | 0  | 0  | 0  | 0  |
 08| 2  | 7  | 1  | 1  | 2  | 3  | 0  | 16 | 31 | 20 | 0  | 41 | 20 | 15 | 2  | 0  | 1  | 1  | 1  | 1  | 0  | 1  | 2  | 2  |
 09| 2  | 3  | 2  | 2  | 0  | 0  | 1  | 9  | 16 | 2  | 27 | 20 | 30 | 1  | 1  | 0  | 0  | 0  | 0  | 1  | 2  | 1  | 1  | 1  |
 10| 4  | 0  | 1  | 2  | 1  | 0  | 1  | 4  | 2  | 2  | 2  | 0  | 1  | 2  | 0  | 0  | 1  | 0  | 2  | 1  | 1  | 0  | 0  | 2  |
 11| 1  | 4  | 7  | 5  | 3  | 1  | 2  | 4  | 4  | 0  | 1  | 4  | 1  | 1  | 2  | 3  | 1  | 0  | 0  | 1  | 1  | 2  | 2  | 1  |
 12| 3  | 3  | 2  | 3  | 4  | 2  | 2  | 4  | 6  | 3  | 0  | 1  | 0  | 1  | 6  | 30 | 0  | 1  | 2  | 0  | 0  | 0  | 0  | 0  |
 13| 0  | 0  | 1  | 0  | 2  | 2  | 2  | 3  | 20 | 24 | 7  | 40 | 5  | 1  | 2  | 0  | 19 | 42 | 0  | 1  | 64 | 6  | 2  | 0  |
 14| 0  | 0  | 0  | 2  | 0  | 4  | 21 |106 | 34 | 4  | 5  | 24 | 39 | 3  | 21 | 39 | 2  | 59 | 0  | 7  | 36 | 22 | 3  | 4  |
 15| 1  | 1  | 3  | 7  | 3  | 18 | 55 | 57 | 5  | 27 | 0  | 1  | 7  | 8  | 63 | 2  | 6  | 20 | 2  | 4  | 35 | 2  | 2  | 1  |
 16| 1  | 3  | 2  | 0  | 3  | 2  | 15 | 35 | 24 | 0  | 3  | 0  | 2  | 1  | 0  | 0  | 1  | 0  | 1  | 2  | 0  | 2  | 0  | 1  |
 17| 3  | 1  | 2  | 1  | 1  | 1  | 5  | 6  | 13 | 3  | 2  | 2  | 0  | 1  | 1  | 1  | 0  | 2  | 0  | 3  | 1  | 0  | 2  | 2  |
 18| 0  | 0  | 2  | 3  | 2  | 3  | 0  | 3  | 2  | 0  | 1  | 1  | 2  | 0  | 4  | 3  | 0  | 1  | 1  | 3  | 0  | 3  | 1  | 0  |
 19| 2  | 5  | 3  | 3  | 2  | 4  | 1  | 7  | 3  | 0  | 1  | 2  | 0  | 4  | 5  | 50 | 0  | 2  | 54 | 1  | 1  | 0  | 1  | 3  |
 20| 1  | 2  | 0  | 0  | 2  | 1  | 2  | 0  | 3  | 0  | 0  | 23 | 0  | 0  | 37 | 13 | 12 | 6  | 4  | 16 | 1  | 1  | 1  | 0  |
 21| 4  | 4  | 6  | 0  | 4  | 23 | 51 | 62 | 21 | 35 | 12 | 76 | 69 | 15 | 3  | 0  | 1  | 0  | 2  | 4  | 3  | 2  | 0  | 7  |
 22| 6  | 1  | 4  | 3  | 2  | 14 | 72 | 30 | 64 | 22 | 4  | 69 | 89 | 6  | 0  | 1  | 1  | 3  | 2  | 3  | 0  | 2  | 2  | 1  |
 23| 0  | 0  | 7  | 5  | 3  | 29 | 9  | 39 | 46 | 2  | 13 | 6  | 2  | 2  | 3  | 0  | 7  | 16 | 0  | 10 | 13 | 1  | 1  | 1  |
 24| 2  | 5  | 2  | 8  | 4  | 42 | 25 | 4  | 2  | 5  | 2  | 3  | 3  | 4  | 2  | 2  | 1  | 2  | 2  | 0  | 0  | 1  | 1  | 3  |
 25| 3  | 4  | 3  | 4  | 0  | 7  | 2  | 4  | 1  | 2  | 2  | 2  | 2  | 0  | 1  | 2  | 1  | 0  | 1  | 2  | 1  | 1  | 1  | 0  |
 26| 0  | 2  | 3  | 3  | 2  | 1  | 2  | 2  | 1  | 2  | 0  | 1  | 1  | 0  | 0  | 1  | 0  | 1  | 1  | 1  | 1  | 1  | 3  | 3  |
 27| 5  | 4  | 2  | 4  | 4  | 11 | 22 | 6  | 5  | 16 | 2  | 20 | 5  | 1  | 0  | 0  | 1  | 3  | 0  | 0  | 0  | 1  | 2  | 3  |
 28| 1  | 1  | 5  | 2  | 0  | 1  | 9  | 0  | 32 | 30 | 12 | 1  | 2  | 2  | 1  | 1  | 1  | 0  | 0  | 0  | 0  | 1  | 2  | 2  |
 29| 3  | 4  | 1  | 9  | 8  | 5  | 12 | 18 | 3  | 4  | 2  | 36 | 42 | 1  | 2  | 0  | 2  | 4  | 1  | 0  | 2  | 3  | 2  | 4  |
 30| 8  | 2  | 3  | 6  | 4  | 4  | 9  | 3  | 3  | 4  | 1  | 3  | 2  | 2  | 0  | 1  | 1  | 3  | 0  | 2  | 1  | 1  | 2  | 2  |
 31| 4  | 0  | 2  | 3  | 8  | 4  | 4  | 4  | 7  | 3  | 1  | 1  | 4  | 4  | 1  | 4  | 7  | 2  | 1  | 4  | 1  | 2  | 9  |??? |
[Observer]Michael Korb
[Country]Germany 
[City]Berlin
[Longitude]013°0000 E
[Latitude ]052°0000 N
[Longitude GMAP]13.31731
[Latitude GMAP]52.49804
[Frequencies]143MHz
[Antenna]Allband Albrecht
[Azimut Antenna]270
[Elevation Antenna]60
[Pre-Amplifier]
[Receiver]PCR1000
[Observing Method]Audio
[Remarks]MiniPC
[Soft FTP]Colorgramme RMOB Lab v 2.9
[E]d`jahlebf{kIhe`jl$mze'ml
