feb| 00h| 01h| 02h| 03h| 04h| 05h| 06h| 07h| 08h| 09h| 10h| 11h| 12h| 13h| 14h| 15h| 16h| 17h| 18h| 19h| 20h| 21h| 22h| 23h|
 01| 0  | 1  | 1  | 1  | 0  | 0  | 0  | 0  | 0  | 0  | 0  | 2  | 2  | 5  | 0  | 0  | 1  | 0  | 0  | 0  | 0  | 0  | 0  | 0  |
 02| 0  | 0  | 3  | 0  | 0  | 1  | 0  | 0  | 0  | 0  | 0  | 2  | 1  | 0  | 0  | 0  | 0  | 0  | 0  | 0  | 0  | 0  | 0  | 0  |
 03| 0  | 2  | 0  | 0  | 0  | 0  | 0  | 0  | 1  | 0  | 1  | 0  | 0  | 0  | 0  | 0  | 0  | 0  | 0  | 1  | 0  | 0  | 0  | 0  |
 04| 0  | 0  | 0  | 0  | 0  | 0  | 0  | 0  | 0  | 0  | 0  | 0  | 6  | 47 | 1  | 0  | 0  | 1  | 0  | 0  | 0  | 0  | 0  | 1  |
 05| 0  | 2  | 0  | 0  | 0  | 0  | 0  | 0  | 0  | 0  | 1  | 0  | 7  | 7  | 0  | 0  | 0  | 0  | 0  | 0  | 0  | 0  | 0  | 0  |
 06| 2  | 0  | 0  | 0  | 0  | 0  | 0  | 0  | 0  | 0  | 0  | 0  | 2  | 2  | 0  | 0  | 0  | 0  | 0  | 0  | 0  | 0  | 0  | 0  |
 07| 0  | 1  | 0  | 0  | 0  | 0  | 0  | 0  | 0  | 0  | 0  | 1  | 5  | 7  | 2  | 0  | 0  | 1  | 0  | 0  | 0  | 0  | 0  | 0  |
 08| 0  | 0  | 0  | 0  | 0  | 0  | 0  | 0  | 0  | 2  | 5  |141 |140 |128 | 97 | 69 | 0  | 0  | 0  | 0  | 0  | 0  | 0  | 1  |
 09| 0  | 0  | 1  | 2  | 0  | 2  | 2  | 3  | 15 |104 |133 |116 | 93 | 67 | 38 | 88 | 72 | 25 | 12 | 2  | 1  | 2  | 3  | 1  |
 10| 2  | 2  | 2  | 4  | 7  | 36 | 43 | 43 | 43 | 75 | 98 | 79 | 55 | 57 | 74 | 75 | 46 | 59 | 30 | 25 |239 | 69 | 42 | 23 |
 11| 36 | 35 | 50 | 56 | 45 | 52 | 57 | 46 | 50 |114 | 31 | 0  | 0  | 0  | 0  | 0  | 0  | 0  | 0  | 0  | 0  | 0  | 0  | 0  |
 12| 0  | 0  | 0  | 0  | 0  | 0  | 0  | 0  | 1  | 7  | 14 | 36 | 33 | 25 | 25 | 18 | 25 | 9  | 3  | 0  | 2  | 0  | 0  | 1  |
 13| 1  | 4  | 13 | 30 | 23 | 42 | 25 | 27 | 24 | 71 | 74 | 59 | 59 | 67 | 22 | 15 | 35 | 21 | 14 | 8  | 14 | 34 | 24 | 12 |
 14| 18 | 21 | 24 | 39 | 29 | 36 | 52 | 44 | 49 | 51 | 60 | 50 | 61 | 47 | 42 | 39 | 42 | 30 | 8  | 10 | 16 | 7  | 12 | 20 |
 15| 19 | 39 | 28 | 34 | 37 | 39 | 45 | 52 | 30 | 44 | 54 | 49 | 53 | 38 | 31 | 35 | 44 | 15 | 2  | 0  | 1  | 1  | 1  | 0  |
 16| 0  | 2  | 0  | 0  | 1  | 1  | 23 | 28 | 35 | 70 | 77 | 76 | 45 | 36 | 29 | 20 | 28 | 11 | 12 | 4  | 5  | 15 | 12 | 13 |
 17| 22 | 25 | 19 | 5  | 2  | 0  | 2  | 0  | 2  | 50 | 55 | 46 | 34 | 45 | 38 | 27 | 16 | 12 | 4  | 1  | 0  | 0  | 0  | 0  |
 18| 0  | 0  | 0  | 2  | 0  | 0  | 0  | 1  | 4  | 56 | 60 | 37 | 45 | 39 | 32 | 34 | 30 | 24 | 6  | 0  | 0  | 0  | 0  | 1  |
 19| 0  | 0  | 1  | 0  | 0  | 1  | 1  | 1  | 30 | 55 | 61 | 57 | 44 | 25 | 13 | 12 | 8  | 13 | 8  | 9  | 7  | 7  | 12 | 12 |
 20| 22 | 28 | 27 | 21 | 35 | 33 | 38 | 27 | 15 | 36 | 44 | 49 | 21 | 34 | 11 | 4  | 9  | 10 | 10 | 2  | 4  | 0  | 0  | 0  |
 21| 1  | 1  | 2  | 2  | 1  | 0  | 0  | 1  | 0  | 0  | 0  | 0  | 0  | 0  | 0  | 0  | 0  | 0  | 0  | 0  | 0  | 0  | 1  | 0  |
 22| 0  | 0  | 0  | 0  | 0  | 0  | 0  | 0  | 0  | 0  | 0  | 0  | 0  | 0  | 0  | 21 | 0  | 0  | 0  | 0  | 1  | 0  | 0  | 0  |
 23| 0  | 0  | 0  | 0  | 0  | 0  | 0  | 0  | 0  | 0  | 0  | 0  | 0  | 0  | 0  | 0  | 0  | 0  | 0  | 0  | 0  | 1  | 0  | 0  |
 24| 0  | 0  | 0  | 0  | 0  | 0  | 0  | 0  | 0  | 0  | 0  | 0  | 0  | 0  | 0  | 0  | 1  | 0  | 0  | 0  | 0  | 0  | 0  | 0  |
 25| 0  | 0  | 0  | 0  | 0  | 0  | 1  | 0  | 0  | 0  | 0  | 0  | 0  | 0  | 0  | 0  | 0  | 0  | 0  | 0  | 0  | 0  | 0  | 0  |
 26| 0  | 0  | 0  | 0  | 0  | 0  | 0  | 0  | 0  | 0  | 0  | 0  | 0  | 0  | 0  | 0  | 0  | 0  | 0  | 0  | 0  | 0  | 0  | 0  |
 27| 0  | 0  | 0  | 0  | 0  | 0  | 0  | 0  | 0  | 0  | 0  | 0  | 1  | 0  | 0  | 0  | 0  | 1  | 2  | 0  | 0  | 0  | 0  | 0  |
 28| 0  | 0  | 0  | 0  | 0  | 0  | 0  | 0  | 0  | 0  | 0  | 0  | 0  | 0  | 0  | 0  | 0  | 0  | 0  | 0  | 0  | 0  | 0  |??? |
 29|??? |??? |??? |??? |??? |??? |??? |??? |??? |??? |??? |??? |??? |??? |??? |??? |??? |??? |??? |??? |??? |??? |??? |??? |
 30|??? |??? |??? |??? |??? |??? |??? |??? |??? |??? |??? |??? |??? |??? |??? |??? |??? |??? |??? |??? |??? |??? |??? |??? |
 31|??? |??? |??? |??? |??? |??? |??? |??? |??? |??? |??? |??? |??? |??? |??? |??? |??? |??? |??? |??? |??? |??? |??? |??? |
[Observer]Adam Rawlinson
[Country]United Kingdom 
[City]Sandhurst, Kent
[Longitude]000°3210 E
[Latitude ]051°0210 N
[Longitude GMAP]0.536039399999936
[Latitude GMAP]51.0361774
[Frequencies]143.050 - Graves 
[Antenna]2M Slimjim - omnidirectional
[Azimut Antenna]0
[Elevation Antenna]0
[Pre-Amplifier]n/a
[Receiver]FRG-9600
[Observing Method]HROFFT
[Remarks]Toughbook cf-18
[Soft FTP]Colorgramme RMOB Lab v 2.8
[E]~lz}o`lem'odIndh`e'jfd
