jan| 00h| 01h| 02h| 03h| 04h| 05h| 06h| 07h| 08h| 09h| 10h| 11h| 12h| 13h| 14h| 15h| 16h| 17h| 18h| 19h| 20h| 21h| 22h| 23h|
 01|??? |??? |??? |??? |??? |??? |??? |??? |??? |??? |??? |??? |??? |??? |??? |??? |??? |??? |??? |??? |??? |??? |??? |??? |
 02|??? |??? |??? |??? |??? |??? |??? |??? |??? |??? |??? |??? |??? |??? |??? |??? |??? |??? |??? |??? |??? |??? |??? |??? |
 03|??? |??? |??? |??? |??? |??? |??? |??? |??? |??? |??? |??? |??? |??? |??? |??? |??? |??? |??? |??? |??? |??? |??? |??? |
 04|??? |??? |??? |??? |??? |??? |??? |??? |??? |??? |??? |??? |??? |??? |??? |??? |??? |??? |??? |??? |??? |??? |??? |??? |
 05|??? |??? |??? |??? |??? |??? |??? |??? |??? |??? |??? |??? |??? |??? |??? |??? |??? |??? |??? |??? |??? |??? |??? |??? |
 06|??? |??? |??? |??? |??? |??? |??? |??? |??? |??? |??? |??? |??? |??? |??? |??? |??? | 19 | 31 | 27 | 61 | 26 | 46 | 38 |
 07| 48 | 62 | 58 | 82 | 61 | 74 | 63 | 70 | 57 |180 | 70 | 27 | 33 | 32 | 15 | 15 | 22 | 22 | 23 | 17 | 56 | 41 | 45 | 49 |
 08| 40 | 44 | 72 | 69 | 78 | 92 | 73 | 50 | 92 | 43 | 53 | 44 | 43 | 60 | 65 | 25 | 20 | 23 | 9  | 0  | 0  | 0  | 0  | 0  |
 09| 0  | 0  | 0  | 0  | 0  | 0  | 0  | 0  | 0  | 0  | 0  | 0  | 0  | 0  | 26 | 31 | 37 | 42 | 36 | 29 | 46 | 47 | 23 | 22 |
 10| 34 | 56 | 70 | 85 | 78 | 79 | 94 | 61 | 51 | 57 |108 |150 |128 | 71 | 99 | 81 | 68 | 1  | 0  | 1  | 0  | 0  | 0  | 0  |
 11| 0  | 1  | 0  | 0  | 0  | 0  | 0  | 0  | 0  | 1  | 5  | 51 | 78 | 75 | 47 | 32 | 9  | 7  | 28 | 22 | 35 | 35 | 28 | 34 |
 12| 46 | 47 | 57 | 88 | 59 | 68 | 58 | 48 | 48 |162 |116 |103 | 98 |111 | 83 | 84 | 79 | 56 | 38 | 18 | 92 | 52 | 30 | 30 |
 13| 42 | 38 | 61 | 66 | 68 | 63 | 58 | 29 | 37 | 86 | 87 | 95 | 43 | 41 | 46 | 25 | 7  | 1  | 3  | 1  | 2  | 1  | 1  | 0  |
 14| 0  | 8  | 7  | 0  | 1  | 1  | 0  | 5  | 0  | 3  | 1  | 58 | 57 | 39 | 1  | 3  | 0  | 0  | 14 | 8  | 46 | 35 | 33 | 26 |
 15| 27 | 42 | 65 | 66 | 78 | 54 | 34 | 30 | 48 | 65 | 72 |111 | 67 | 61 | 42 | 4  | 0  | 0  | 1  | 1  | 0  | 1  | 0  | 1  |
 16| 1  | 0  | 2  | 0  | 0  | 1  | 0  | 0  | 0  | 0  | 0  | 0  | 1  | 0  | 0  | 0  | 0  | 0  | 0  | 0  | 0  | 0  | 0  | 0  |
 17| 0  | 0  | 0  | 0  | 0  | 0  | 0  | 0  | 0  | 0  | 2  | 0  | 3  | 0  | 0  | 0  | 0  | 0  | 0  | 0  | 0  | 0  | 0  | 0  |
 18| 0  | 0  | 1  | 0  | 0  | 0  | 0  | 0  | 0  | 0  | 0  | 1  | 0  | 2  | 0  | 0  | 0  | 0  | 0  | 0  | 0  | 0  | 0  | 0  |
 19| 0  | 0  | 0  | 0  | 0  | 0  | 1  | 1  | 0  | 0  | 0  | 1  | 1  | 0  | 1  | 0  | 0  | 0  | 0  | 0  | 0  | 0  | 0  | 0  |
 20| 1  | 0  | 0  | 0  | 1  | 0  | 0  | 2  | 0  | 0  | 0  | 0  | 0  | 0  | 1  | 0  | 0  | 0  | 0  | 0  | 0  | 0  | 1  | 0  |
 21| 1  | 1  | 0  | 0  | 0  | 0  | 0  | 0  | 0  | 0  | 0  | 0  | 1  | 0  | 0  | 0  | 0  | 1  | 0  | 0  | 0  | 0  | 0  | 0  |
 22| 4  | 0  | 0  | 0  | 0  | 1  | 0  | 0  | 0  | 0  | 0  | 0  | 1  | 1  | 0  | 0  | 0  | 0  | 0  | 0  | 0  | 0  | 0  | 1  |
 23| 0  | 0  | 0  | 0  | 0  | 0  | 0  | 0  | 0  | 0  | 0  | 0  | 0  | 0  | 0  | 0  | 0  | 0  | 0  | 0  | 0  | 0  | 0  | 1  |
 24| 10 | 16 | 48 | 55 | 9  | 2  | 0  | 0  | 0  | 1  | 5  |128 |111 | 88 | 43 | 4  | 1  | 0  | 0  | 0  | 0  | 1  | 0  | 1  |
 25| 0  | 0  | 0  | 0  | 0  | 0  | 0  | 0  | 1  | 0  | 0  | 2  | 70 | 85 | 61 | 69 | 98 | 23 | 7  | 3  | 0  | 0  | 5  | 16 |
 26| 31 | 44 | 51 | 57 | 68 | 60 | 48 | 49 | 55 |136 |154 |140 |115 |126 | 56 | 89 | 72 | 2  | 1  | 0  | 0  | 0  | 0  | 0  |
 27| 0  | 0  | 0  | 0  | 1  | 2  | 0  | 0  | 1  | 0  | 25 | 81 | 85 | 89 | 55 | 43 | 86 | 30 | 15 | 0  | 0  | 0  | 0  | 1  |
 28| 1  | 1  | 0  | 12 | 26 | 43 | 40 | 43 | 81 |132 |111 |118 | 68 | 91 | 39 | 0  | 0  | 0  | 0  | 0  | 0  | 1  | 0  | 0  |
 29| 0  | 0  | 0  | 0  | 0  | 0  | 0  | 0  | 0  | 1  | 1  | 29 | 44 | 67 | 10 | 0  | 4  | 0  | 0  | 1  | 0  | 0  | 0  | 1  |
 30| 0  | 0  | 0  | 2  | 0  | 0  | 1  | 0  | 0  | 0  | 0  | 0  | 2  | 4  | 3  | 3  | 0  | 0  | 0  | 0  | 0  | 1  | 0  | 0  |
 31| 0  | 0  | 0  | 0  | 0  | 0  | 0  | 0  | 0  | 0  | 0  | 0  | 0  | 0  | 1  | 0  | 0  | 0  | 1  | 0  | 0  | 0  | 0  |??? |
[Observer]Adam Rawlinson
[Country]United Kingdom 
[City]Sandhurst, Kent
[Longitude]000°3210 E
[Latitude ]051°0210 N
[Longitude GMAP]0.536039399999936
[Latitude GMAP]51.0361774
[Frequencies]143.050 - Graves 
[Antenna]2M Slimjim - omnidirectional
[Azimut Antenna]0
[Elevation Antenna]0
[Pre-Amplifier]n/a
[Receiver]FRG-9600
[Observing Method]HROFFT
[Remarks]Toughbook cf-18
[Soft FTP]Colorgramme RMOB Lab v 2.8
[E]~lz}o`lem'odIndh`e'jfd
