jul| 00h| 01h| 02h| 03h| 04h| 05h| 06h| 07h| 08h| 09h| 10h| 11h| 12h| 13h| 14h| 15h| 16h| 17h| 18h| 19h| 20h| 21h| 22h| 23h|
 01| 9  | 0  | 7  | 0  | 0  | 1  | 69 | 39 | 33 | 64 | 0  | 0  | 32 | 12 | 4  | 0  | 0  | 1  | 1  | 3  | 3  | 1  | 0  | 3  |
 02| 4  | 1  | 6  | 6  | 5  | 5  | 7  | 8  | 7  | 24 | 42 | 22 | 65 | 10 | 28 | 19 | 11 | 13 | 10 | 12 | 4  | 13 | 8  | 40 |
 03| 11 | 14 | 12 | 19 | 23 | 21 | 21 | 27 | 14 | 34 | 38 | 24 | 70 | 71 | 87 | 76 | 48 | 38 | 71 | 59 | 51 | 25 | 39 | 18 |
 04| 26 | 15 | 29 | 18 | 21 | 10 | 47 | 39 | 55 | 54 | 30 | 31 | 17 | 44 | 59 | 47 | 52 |??? | 73 |??? |??? |156 | 59 | 52 |
 05| 49 | 50 | 42 | 57 | 58 | 72 | 59 | 52 | 78 | 57 | 78 | 23 | 10 | 14 | 12 | 6  | 5  | 5  | 2  | 3  | 4  | 2  | 9  | 35 |
 06| 69 | 45 | 75 | 74 | 67 | 87 | 87 | 50 | 0  | 97 | 29 | 12 | 26 | 15 | 6  | 5  | 6  | 2  | 4  | 2  | 1  | 2  | 6  | 5  |
 07| 4  | 1  | 5  | 11 | 4  | 7  | 3  | 4  | 3  | 3  | 3  | 1  | 5  | 6  | 5  | 13 | 92 | 55 | 38 | 99 |101 | 79 | 6  | 4  |
 08| 9  | 11 | 11 | 9  | 9  | 10 | 6  | 12 | 7  | 10 | 34 | 54 | 19 | 58 | 43 | 83 | 43 | 56 | 39 | 61 | 66 | 42 | 48 | 37 |
 09| 24 | 14 | 33 | 41 | 52 | 95 | 59 | 67 | 75 | 76 |112 |109 |125 | 96 |196 | 87 | 54 | 42 |110 | 96 |105 |??? |227 | 97 |
 10| 66 | 57 | 71 | 90 |113 |101 |120 |102 |105 | 98 | 78 |121 | 70 |113 | 78 | 24 | 5  | 4  | 1  | 1  | 1  | 0  | 0  | 0  |
 11| 0  | 0  | 0  | 0  | 0  | 8  | 31 | 21 | 25 |123 |113 | 28 | 43 | 10 | 7  | 7  | 5  | 6  | 8  | 5  | 9  | 16 | 21 | 60 |
 12| 15 | 16 | 13 | 16 | 27 | 26 | 11 | 47 | 40 | 55 | 30 | 31 | 5  | 23 | 41 | 34 | 34 | 5  | 9  | 12 | 11 | 4  | 6  | 1  |
 13| 32 | 28 | 49 | 51 | 57 |100 | 55 | 41 | 62 | 58 | 80 | 51 | 21 | 17 | 19 | 18 | 15 | 9  | 14 | 8  | 5  | 45 | 30 | 30 |
 14| 13 | 11 | 17 | 10 | 10 | 31 | 71 | 49 | 45 | 39 | 20 | 9  | 11 | 14 | 17 | 21 | 11 | 30 | 19 | 6  | 5  | 25 | 36 | 57 |
 15| 52 | 32 | 39 | 48 | 75 | 73 | 77 | 47 | 49 | 92 |101 |111 | 84 | 27 | 77 | 86 |??? | 33 | 8  | 6  | 26 | 44 | 57 | 55 |
 16|??? | 86 | 46 | 37 | 32 | 59 | 66 | 48 | 53 | 25 | 87 | 60 | 45 | 25 | 81 | 66 | 67 | 82 | 39 | 72 | 46 | 60 | 37 | 48 |
 17| 30 | 17 | 4  | 6  |??? | 72 | 50 | 44 | 44 | 12 | 6  | 34 | 74 | 52 | 34 | 46 | 42 | 46 | 70 | 52 | 58 | 81 | 62 | 51 |
 18|??? | 97 | 51 | 60 | 62 | 72 | 20 | 1  |??? | 0  |116 |111 | 84 | 69 | 77 | 72 | 78 | 82 | 51 | 73 |102 | 60 | 58 | 85 |
 19| 50 |??? | 90 | 66 | 59 | 60 | 73 | 82 | 60 | 53 | 6  | 8  | 11 | 8  | 2  | 3  | 4  | 9  | 2  | 6  | 3  | 1  | 52 | 59 |
 20|??? |111 | 41 | 45 | 33 | 52 | 66 |??? |??? |??? |324 | 90 | 78 | 12 | 15 | 8  | 5  | 7  | 11 | 15 | 74 | 57 | 88 | 55 |
 21|??? |105 | 49 | 65 | 54 | 73 | 62 | 54 |??? | 7  | 74 | 81 | 83 | 73 | 74 | 79 | 95 | 75 | 73 | 84 | 93 | 63 | 74 | 49 |
 22| 60 | 73 | 80 | 76 | 75 | 70 | 57 | 62 | 66 | 35 | 10 | 17 | 2  | 13 | 15 |??? | 38 | 18 | 16 | 9  | 31 | 13 | 40 | 55 |
 23| 59 | 49 | 51 | 58 | 56 | 54 |??? |103 | 70 | 68 | 71 | 15 | 9  | 6  | 5  | 10 | 11 | 15 | 13 | 9  | 11 | 16 | 47 | 33 |
 24| 28 | 26 | 41 | 33 | 40 | 38 |??? | 30 | 60 | 77 | 72 | 43 | 12 | 14 | 14 | 20 | 24 | 18 | 10 | 20 | 5  | 40 | 29 | 66 |
 25| 49 | 67 | 64 | 82 | 88 | 98 |118 | 87 |102 | 79 | 88 | 95 | 90 |102 |115 |103 |120 | 95 | 81 | 86 | 49 | 55 | 63 | 78 |
 26| 56 | 57 | 70 | 87 | 78 | 78 |117 | 70 | 76 | 89 |105 | 88 |118 | 94 | 62 | 23 | 51 | 13 | 12 | 39 | 93 | 82 | 92 | 78 |
 27| 86 | 76 | 76 | 75 | 78 | 87 | 80 | 68 | 55 | 70 | 67 | 73 |116 | 90 | 73 | 91 | 65 | 58 | 96 | 59 | 99 | 78 |114 | 82 |
 28| 41 | 46 | 58 | 57 | 80 | 69 | 77 | 84 | 66 | 88 |102 |105 | 92 | 49 | 40 | 18 | 33 | 16 | 20 | 19 | 67 | 78 | 55 | 45 |
 29| 49 | 63 | 72 | 99 |110 | 97 | 86 | 88 | 76 | 90 |109 | 97 |123 |105 | 87 |149 |107 | 90 |105 | 76 | 85 | 92 |110 | 60 |
 30| 82 | 71 | 68 | 93 | 98 |106 | 90 | 74 |109 |111 |??? |251 |118 |109 |127 | 83 | 89 | 89 | 55 | 56 | 94 | 85 | 70 | 66 |
 31| 56 | 47 | 59 | 57 | 89 | 71 | 91 | 75 | 64 |103 | 85 |103 |124 |138 | 38 | 20 | 21 | 14 | 13 | 26 | 15 |??? | 55 |??? |
[Observer]Jochen Richert_1
[Country]Switzerland 
[City]Bos-cha
[Longitude]010°1008 E
[Latitude ]046°4638 N
[Longitude GMAP]10.169248299999935
[Latitude GMAP]46.77723779999999
[Frequencies]143.050 MHz, CW@3 KHz
[Antenna]3 Element Yagi
[Azimut Antenna]270
[Elevation Antenna]45
[Pre-Amplifier]HAB Supplies 20dB
[Receiver]Noelec TCXO RTL-SDR
[Observing Method]Spectrum Lab1
[Remarks]Intel NUC, i5, 16 GB RAM, W7x64
[Soft FTP]Colorgramme RMOB Lab v 2.9
[E]cfjalgI{`jal{}'ja
