jun| 00h| 01h| 02h| 03h| 04h| 05h| 06h| 07h| 08h| 09h| 10h| 11h| 12h| 13h| 14h| 15h| 16h| 17h| 18h| 19h| 20h| 21h| 22h| 23h|
 01| 79 | 62 | 56 | 73 | 79 | 96 |105 |101 | 28 | 33 |104 |121 |108 | 42 | 86 | 84 | 32 | 21 | 14 | 18 | 18 | 28 | 35 | 10 |
 02| 32 | 35 | 33 | 33 | 33 | 54 | 34 | 47 | 20 | 18 | 12 | 12 | 17 | 7  | 9  | 26 | 27 | 21 | 18 | 24 | 66 |155 | 76 | 40 |
 03| 34 | 35 | 30 | 38 | 48 | 38 | 57 | 72 | 56 | 40 | 97 | 51 | 77 | 60 | 48 | 29 | 15 | 21 | 22 | 28 | 71 |165 |150 | 25 |
 04| 33 | 47 | 18 | 46 | 27 | 60 | 72 | 49 | 49 | 33 | 63 | 52 | 66 | 23 | 19 | 44 | 27 | 25 | 25 | 42 | 18 | 38 | 86 | 48 |
 05| 33 | 24 |??? |??? |??? | 44 | 94 | 73 | 72 | 59 | 60 | 55 | 23 | 23 | 27 | 28 | 26 | 33 | 38 | 68 | 62 | 93 | 58 | 46 |
 06| 46 | 35 | 45 | 48 | 81 | 93 | 63 | 59 | 77 | 70 | 94 | 60 | 51 | 49 | 47 | 73 | 60 | 50 | 84 | 80 | 65 | 93 | 74 | 78 |
 07| 67 | 50 | 61 | 64 | 74 | 96 | 95 | 67 | 72 | 76 | 85 |128 | 92 |115 |133 | 80 | 69 | 92 |131 |103 | 77 | 81 | 85 |105 |
 08| 58 | 59 | 77 | 90 |104 |107 | 89 |129 | 96 | 90 |108 |116 |116 | 90 | 93 | 86 |132 | 98 |109 | 99 | 93 |110 | 97 | 74 |
 09| 77 | 75 | 98 |114 |115 |136 |133 |111 |100 | 72 |133 |118 | 99 |125 |118 |124 | 93 |119 |124 |115 |116 | 97 | 94 | 80 |
 10| 70 | 66 | 81 | 96 | 92 | 96 | 89 |123 | 78 | 92 |102 |115 | 95 | 91 | 81 |107 | 91 | 82 | 84 | 80 | 70 | 68 | 86 | 69 |
 11| 57 | 88 | 94 |121 | 88 |116 |115 | 97 |108 |122 |113 |116 |114 | 99 | 89 | 90 |114 | 95 | 90 |114 |110 |101 | 80 | 85 |
 12| 72 | 74 | 83 |101 |117 |136 |138 |143 |133 |120 |120 |130 | 99 |131 |105 | 91 | 78 | 44 | 64 | 77 | 58 | 82 | 84 | 90 |
 13| 89 | 66 | 63 | 99 |108 |130 |108 | 81 | 94 |110 |101 | 93 | 55 | 8  | 0  | 0  | 0  | 0  | 0  | 0  | 0  | 0  | 0  | 0  |
 14| 0  | 0  | 0  | 0  | 0  | 0  | 0  | 0  |??? | 43 | 64 | 50 | 53 | 61 | 47 | 51 | 58 | 79 |124 | 84 |100 | 73 |??? |143 |
 15| 59 | 56 | 75 | 78 |108 | 85 |??? |??? | 0  | 70 | 83 |101 | 96 | 97 |136 |101 | 93 | 84 | 67 | 65 | 43 | 61 | 31 | 46 |
 16| 33 | 23 | 34 | 55 | 48 | 46 | 43 | 68 | 62 | 70 | 94 | 95 | 86 | 68 |111 | 85 | 87 | 50 | 73 | 64 | 87 | 82 | 71 | 48 |
 17| 41 | 37 | 53 | 67 |103 | 74 | 58 | 44 | 69 | 46 | 96 | 85 | 47 | 76 |118 | 79 | 88 | 83 | 85 | 90 | 90 |105 |104 | 77 |
 18| 35 | 35 | 43 | 61 | 83 | 92 | 96 | 69 | 80 | 67 | 81 |130 |102 | 99 |117 | 96 | 59 |104 |117 |110 |111 |102 |114 | 63 |
 19| 46 | 44 | 50 | 94 | 90 | 96 | 92 |124 |105 |117 |119 |105 |114 |124 |103 | 99 |115 | 78 | 78 | 92 | 67 | 55 | 53 | 35 |
 20| 49 | 35 | 63 | 80 | 84 | 83 |108 | 75 | 82 | 89 |127 |107 |105 | 54 | 80 | 79 | 60 | 49 | 63 | 61 | 48 | 77 | 73 | 58 |
 21| 37 | 39 | 56 | 76 | 69 | 74 | 76 | 60 | 89 |112 |128 |107 |103 |100 | 85 | 59 | 77 | 58 |109 | 61 | 52 | 75 | 72 | 68 |
 22| 62 | 64 | 51 | 72 |105 | 99 | 92 | 90 | 98 |113 |122 |115 | 91 | 95 | 75 | 59 | 65 | 74 | 73 | 92 | 84 | 79 | 86 | 66 |
 23| 61 | 63 | 82 | 91 |112 | 79 | 90 | 73 |111 |105 |115 | 97 | 80 |102 | 99 |108 |119 | 67 | 81 |109 | 90 | 82 | 70 | 45 |
 24| 50 | 44 | 71 | 83 | 91 |114 |130 | 86 | 87 |108 | 91 |104 |117 | 92 | 68 | 90 | 82 | 60 | 34 | 28 | 31 |156 | 44 | 34 |
 25| 23 | 21 | 43 | 44 | 58 | 76 | 62 | 54 | 26 | 13 | 35 | 28 | 35 | 22 | 27 | 35 | 36 | 18 | 16 | 15 | 26 | 30 | 19 | 7  |
 26| 13 | 25 | 14 | 25 | 53 | 32 | 24 | 41 | 32 | 56 | 55 | 51 | 53 | 30 | 37 | 17 | 14 | 29 | 18 | 33 | 27 | 23 | 22 | 17 |
 27| 17 | 13 | 23 | 26 | 17 | 42 | 31 | 39 | 18 | 24 | 19 | 33 | 51 | 56 |109 |139 |155 |113 |110 |111 |117 |124 |107 | 86 |
 28| 79 | 77 | 87 |116 |123 |140 |130 |173 |123 |103 |122 |109 |119 |103 | 83 | 83 | 59 | 46 | 63 | 88 | 64 | 49 | 46 | 60 |
 29| 35 | 35 | 48 | 64 | 59 | 50 | 93 | 88 | 75 | 71 | 71 | 0  | 1  | 0  | 2  | 1  | 1  | 1  | 2  | 46 | 28 | 16 | 21 | 15 |
 30| 10 | 20 | 20 | 29 | 18 | 25 | 26 | 21 | 18 | 41 | 0  | 36 | 0  | 29 | 1  | 0  | 18 | 9  | 0  | 0  | 6  | 21 | 16 |??? |
 31|??? |??? |??? |??? |??? |??? |??? |??? |??? |??? |??? |??? |??? |??? |??? |??? |??? |??? |??? |??? |??? |??? |??? |??? |
[Observer]Jochen Richert_2
[Country]Switzerland 
[City]Bos-cha
[Longitude]010°1008 E
[Latitude ]046°4638 N
[Longitude GMAP]10.169248299999935
[Latitude GMAP]46.77723779999999
[Frequencies]143.050 MHz, CW@4 KHz
[Antenna]3 Element Yagi
[Azimut Antenna]270
[Elevation Antenna]45
[Pre-Amplifier]HAB Supplies 20dB
[Receiver]Noelec TCXO RTL-SDR
[Observing Method]Spectrum Lab
[Remarks]Intel NUC, i5, 16 GB RAM, W7x64
[Soft FTP]Colorgramme RMOB Lab v 2.9
[E]cfjalgI{`jal{}'ja
