jul| 00h| 01h| 02h| 03h| 04h| 05h| 06h| 07h| 08h| 09h| 10h| 11h| 12h| 13h| 14h| 15h| 16h| 17h| 18h| 19h| 20h| 21h| 22h| 23h|
 01|  25|  25|  34|  32|  28|  65|  46|  39|  35|  35|  42|  20|  27|  8 |  0 |  6 |  1 |  0 |  1 |  2 |  0 |  0 |  0 |  0 |
 02|  0 |  0 |  0 |  0 |  0 |  2 |  7 |  6 |  0 |  0 |  0 |  0 |  1 |  0 |  0 |  0 |  0 |  0 |  0 |  0 |  0 |  0 |  0 |  0 |
 03|  0 |  0 |  0 |  0 |  1 |  0 |  1 |  2 |  0 |  0 |  0 |  0 |  0 |  0 |  21|  21|  22|  10|  22|  31|  25|  15|  37|  18|
 04|  21|  20|  22|  22|  31|  55|  30|  23|  24|  15|  24|  31|  13|  11|  8 |  15|  10|  16|  7 |  17|  19|  14|  15|  29|
 05|  17|  31|  31|  31|  24|  49|  32|  20|  17|  21|  17|  25|  12|  18|  16|  21|  14|  20|  12|  16|  25|  13|  19|  23|
 06|  49|  32|  30|  40|  36|  32|  30|  14|  0 |  32|  23|  26|  22|  12|  27|  23|  19|  13|  17|  14|  19|  31|  36|  26|
 07|  25|  31|  50|  30|  31|  52|  26|  23|  27|  20|  22|  15|  16|  16|  23|  15|  13|  14|  12|  25|  26|  11|  18|  20|
 08|  16|  24|  17|  22|  26|  28|  18|  31|  19|  22|  11|  24|  20|  20|  15|  12|  14|  20|  17|  19|  18|  14|  29|  26|
 09| 159|  36|  42|  24|  29|  65|  42|  38|  22|  37|  62|  19|  21|  18|  18|  23|  15|  25|  16|  21|  69|  30|  37|  28|
 10|  23|  46| 108|  38|  29| 102|  78|  37|  29|  41|  61|  23|  29|  26|  30|  18|  23|  23|  15|  20|  17|  19|  22|  47|
 11|  26|  30|  37|  29|  26|  62|  39|  25|  16|  33|  56|  25|  12|  19|  15|  17|  19|  15|  18|  18|  12|  20|  29|  59|
 12|  22|  28|  24|  26|  30|  47|  33|  38|  12| 155|  14|  13|  9 |  9 |  6 |  11|  7 |  6 |  9 |  11|  9 |  6 |  14|  11|
 13|  12|  14|  20|  13|  14|  18|  14|  11|  19|  16|  9 |  8 |  10|  12|  5 |  8 |  3 |  3 |  16|  6 |  4 |  12|  10|  9 |
 14|  12|  8 |  15|  7 |  9 |  15|  13|  13|  15|  12|  14|  8 |  6 |  6 |  10|  14|  10|  2 |  11|  8 |  10|  11|  6 |  16|
 15|  12|  9 |  11|  6 |  17|  14|  14|  16|  14|  11|  10|  9 |  17|  5 |  15|  7 |  7 |  4 |  4 |  5 |  6 |??? |??? |??? |
 16|??? |??? |??? |??? |??? |??? |??? |??? |??? |??? |??? |??? |??? |??? |??? |??? |??? |??? |??? |??? |??? |??? |??? |??? |
 17|??? |??? |??? |??? |??? |??? |??? |??? |??? |??? |??? |??? |??? |??? |??? |??? |??? |??? |??? |??? |??? |??? |??? |??? |
 18|??? |??? |??? |??? |??? |??? |??? |??? |??? |??? |??? |??? |??? |??? |??? |??? |  8 |  12|  6 |  25|  25|  16|  22|  21|
 19|  14|  31|  22|  22|  23|  37|  24|  25|  20|  13|  14|  19|  17|  13|  10|  19|  13|  14|  10|  19|  17|  15|  26|  25|
 20|  28|  24|  10|  23|  18|  21|  30|  17|  19|  23|  17|  10|  15|  13|  14|  12|  8 |  6 |  15|  9 |  15|  13|  24|  21|
 21|  18|  15|  19|  14|  23|  30|  17|  11|??? |??? |??? |??? |??? |  2 |  7 |  17|  9 |  14|  11|  10|  16|  13|  11|  16|
 22|  13|  25|  17|  21|  17|  31|  19|  34|  18|  11|  14|  19|  9 |  24|  12|  7 |  11|  9 |  18|  11|  16|  15|  18|  17|
 23|  18|  19|  16|  24|  15|  19|  21|  19|  19|  17|  23|  13|  17|  12|  10|  11|  10|  10|  12|  13|  16|  7 |  9 |  10|
 24|  16|  20|  22|  19|  24|  20|??? |??? |??? |  11|  20|  27|  16|  14|  21|  21|  12|  9 |  7 |  14|  16|  41|  27|  21|
 25|  27|  19|  28|  25|  37|  37|  21|  23|  23|  24|  49|  14|  12|  10|  12|  14|  16|  18|  10|  15|  12|  20|  17|  19|
 26|  16|  31|  24|  34|  25|  21|  22|  25|  24|  21|  36|  26|  12|  12|  17|  14|  28|  12|  9 |  12|  11|  13|  34|  27|
 27|  26|  33|  24|  23|  21|  22|  19|  15|  17|  26|  21|  27|  22|  14|  31|  16|  14|  15|  12|  13|  17|  27|  23|  18|
 28|  18|  30|  23|  29|  32|  32|  25|  34|  21|  25|  35|  21|  24|  19|  21|  17|  19|  38|  26|  11|  24|  16|  28|  31|
 29|  19|  26|  24|  29|  26|  25|  26|  29|  29|  22|  21|  42|  15|  17|  7 |  12|  16|  11|  18|  15|  9 |  19|  32|  35|
 30|  36|  30|  25|  21|  31|  47|  26|  16|  25|  38|  21|  21|  17|  22|  6 |  21|  13|  13|  11|  28|  20|  20|  21|  31|
 31|  34|  24|  41|  31|  42|  37|  18|  22|  21|  18|  8 |  24|  18|  29|  11|  4 |  15|  10|  21|  13|  18|  14|  19|  32|
[Observer]Jochen Richert
[Country]Switzerland 
[City]Bos-cha
[Longitude]010°1008 E
[Latitude ]046°4638 N
[Longitude GMAP]10.169248299999935
[Latitude GMAP]46.77723779999999
[Frequencies]143.050 MHz, CW@2.8 KHz
[Antenna]Icom AH-8000
[Azimut Antenna]360
[Elevation Antenna]90
[Pre-Amplifier]none
[Receiver]Icom PCR-1500
[Observing Method]HROFFT
[Remarks]Intel NUC, i5, 16 GB RAM, W7x64
[Soft FTP]Colorgramme RMOB Lab v 2.9
[E]cfjalgI{`jal{}'ja
