jun| 00h| 01h| 02h| 03h| 04h| 05h| 06h| 07h| 08h| 09h| 10h| 11h| 12h| 13h| 14h| 15h| 16h| 17h| 18h| 19h| 20h| 21h| 22h| 23h|
 01|  9 |  7 |  10|  13|  44|  14|  15|  39|  6 |  1 |  16|  18|  11|  3 |  5 |  7 |  3 |  1 |  3 |  3 |  13|  4 |  16|  11|
 02|  8 |  28|  19|  31|  16|  26|  25|  41|  8 |  6 |  9 |  7 |  3 |  5 |  1 |  0 |  0 |  3 |  1 |  0 |  1 |  1 |  5 |  9 |
 03|  15|  15|  22|  10|  22|  35|  32|  29|  10|  6 |  9 |  4 |  10|  35|  43|  35|  22|  12|  6 |  12|  24|  35|  47|  23|
 04|  33|  63|  9 |  35|  24|  71|  45|  34|  36|  33|  60|  30|  31|  13|  19|  56|  19|  11|  11|  15|  11|  16|  31|  25|
 05|  27|  13|  16|  25|  26|  38|  51|  49|  46|  53|  47|  37|  15|  16|  13|  16|  6 |  19|  12|  7 |  8 |  7 |  15|  7 |
 06|  2 |  5 |  12|  8 |  12|  26|  15|??? |??? |??? |  20|  10|  21|  19|  26|  11|  7 |  4 |  5 |  8 |  3 |  6 |  9 |  11|
 07|  5 |  9 |  6 |  10|  12|  10|  19|  18|  13|  14|  13|  8 |  13|  25|  9 |  16|  8 |  7 |  4 |  13|  13|  8 |  11|  11|
 08|  19|  8 |  7 |  18|  23|  20|  11|  18|  25|  10|  9 |  20|  11|  11|  29|  7 |  18|  13|  18|  7 |  8 |  9 |  36|  26|
 09|  13|  58|  11|  37|  22|  45|  31|  35|  31|  17|  49|  34|  58|  46|  41|  20|  3 |  2 |  3 |  26|  8 |  17|  23|  27|
 10|  23|  25|  10|  34|  19|  53|  19|  30|  31|  29|  36|  41|  21|  24|  25|  17|  11|  7 |  10|  14|  8 |  21|  38|  26|
 11|  10|  20|  18|  21|  18|  28|  39|  43|  21|  28|  15|  24|  32|  16|  35|  6 |  13|  6 |  6 |  11|  9 |  7 |  65|  28|
 12|  47|  8 |  11|  20|  19|  36|  35|  31|  33|  28|  28|  28|  38|  16|  13|  15|  4 |  4 |  4 |  3 |  6 |  1 |  3 |  4 |
 13|  4 |  6 |  10|  13|  24|  12|  14|  15|  14|  13|  17|  16|  11|  12|  8 |  6 |  10|  2 |  4 |  4 |  9 |  1 |  2 |  5 |
 14|  1 |  7 |  5 |  7 |  9 |  5 |  10|  10|  15|  13|  14|  10|  11|  8 |  8 |  3 |  5 |  5 |  7 |  3 |  10|  5 |  3 |  8 |
 15|  5 |  8 |  10|  12|  11|  7 |  18|  14|  18|  7 |  14|  11|  23|  11|  23|  6 |  6 |  7 |  2 |  0 |  2 |  5 |  0 |  4 |
 16|  1 |  0 |  3 |  6 |  3 |  8 |  8 |  13|  7 |  7 |  2 |  4 |  4 |  4 |  7 |  4 |  3 |  3 |  4 |  0 |  2 |  3 |  0 |  4 |
 17|  2 |  0 |  4 |  4 |  4 |  7 |  7 |  5 |  7 |  3 |  2 |  3 |  0 |  4 |  4 |  3 |  4 |  1 |  5 |  4 |  3 |  6 |  2 |  2 |
 18|  1 |  2 |  8 |  3 |  7 |  3 |  4 |  13|  8 |  5 |  7 |  4 |  4 |  2 |  1 |  2 |  2 |  5 |  2 |  0 |  2 |  1 |  0 |  2 |
 19|  1 |  0 |  1 |  6 |  7 |  5 |  4 |  4 |  2 |  1 |  4 |  1 |  4 |  5 |  2 |  4 |  1 |  1 |  4 |  0 |  1 |  1 |  2 |  4 |
 20|  1 |  0 |  2 |  5 |  1 |  5 |  5 |  4 |  3 |  0 |  3 |  5 |  4 |  8 |  9 |  14|  10|  7 |  4 |  13|  18|  24|  36|  17|
 21|  9 |  14|  23|  20|  19|  23|  14|  17|  12|  11|  23|  17|  28|  53|  29|  16|  42|  17|  27|  11|  21|  9 |  17|  13|
 22|  15|  15|  17|  22|  36|  43|  45|  39|  28|  40|  48|  85|  48|  31|  37|  18|  15|  20|  18|  34|  24|  61|  17|  18|
 23|  10|  15|  15|  24|  36|  47|  29|  29|  28|  39|  47|  52|  23|  34|  14|  32|  22|  14|  19|  22|  21|  21|  34|  17|
 24|  10|  3 |  26|  16|  27|  33|  25|  43|  56|  39|  43|  58|  20|  79|  13|  27|  9 |  11|  17|  17|  9 |  20|  19|  22|
 25|  10|  10|  25|  20|  29|  35|  55|  35|  28|  14|  35|  40|  44|  25|  24|  22|  21|  19|  13|  6 |  14|  10|  17|  5 |
 26|  13|  33|  18|  29|  47|  22|  24|  25|  22|  41|  70|  54|  45|  23|  12|  10|  11|  7 |  12|  12|  1 |  10|  8 |  7 |
 27|  15|  11|  7 |  5 |  12|  23|  22|  18|  14|  29|  12|  15|  23|  8 |  38|  16|  29|  32|  14|  19|  9 |  8 |  14|  6 |
 28|  8 |  11|  12|  12|  14|  30|  17|  18|  25|  17|  23|  39|  26|  31|  23|  12|  12|  9 |  13|  9 |  13|  10|  26|  14|
 29|  14|  9 |  26|  14|  18|  18|  20|  14|  15|  19|  23|  13|  40|  19|  34|  5 |  17|  5 |  8 |  5 |  15|  8 |  19|  14|
 30|  13|  32|  20|  36|  26|  25|  22|  29|  14|  28|  11|  39|  17|  18|  17|  21|  10|  10|  12|  19|  10|  15|  29|  45|
 31|??? |??? |??? |??? |??? |??? |??? |??? |??? |??? |??? |??? |??? |??? |??? |??? |??? |??? |??? |??? |??? |??? |??? |??? |
[Observer]Jochen Richert
[Country]Switzerland 
[City]Bos-cha
[Longitude]010°1008 E
[Latitude ]046°4638 N
[Longitude GMAP]10.169248299999935
[Latitude GMAP]46.77723779999999
[Frequencies]143.050 MHz, CW@2.8 KHz
[Antenna]Icom AH-8000
[Azimut Antenna]360
[Elevation Antenna]90
[Pre-Amplifier]HAB Supplies 20dB
[Receiver]Icom PCR-1500
[Observing Method]HROFFT
[Remarks]Intel NUC, i5, 16 GB RAM, W7x64
[Soft FTP]Colorgramme RMOB Lab v 2.9
[E]cfjalgI{`jal{}'ja
