may| 00h| 01h| 02h| 03h| 04h| 05h| 06h| 07h| 08h| 09h| 10h| 11h| 12h| 13h| 14h| 15h| 16h| 17h| 18h| 19h| 20h| 21h| 22h| 23h|
 01|091 |090 |000 |000 |000 |000 |000 |000 |000 |115 |000 |000 |000 |071 |000 |062 |041 |039 |032 |035 |037 |055 |076 |080 |
 02|099 |083 |108 |096 |116 |110 |122 |096 |099 |098 |106 |083 |062 |079 |061 |048 |034 |017 |000 |000 |000 |000 |000 |000 |
 03|000 |000 |000 |000 |000 |000 |002 |021 |117 |101 |112 |082 |085 |070 |058 |053 |044 |048 |052 |045 |051 |056 |082 |089 |
 04|103 |084 |096 |122 |102 |112 |120 |120 |098 |088 |077 |066 |072 |073 |055 |058 |031 |038 |040 |047 |059 |055 |045 |068 |
 05|057 |068 |072 |063 |097 |113 |099 |086 |065 |075 |058 |056 |050 |055 |039 |043 |039 |036 |037 |036 |046 |055 |000 |000 |
 06|075 |092 |095 |105 |113 |155 |145 |145 |155 |174 |154 |131 |102 |087 |072 |065 |047 |039 |041 |039 |051 |061 |064 |077 |
 07|081 |081 |115 |099 |084 |067 |063 |050 |043 |027 |029 |036 |043 |059 |043 |038 |021 |025 |030 |047 |042 |051 |067 |062 |
 08|054 |080 |073 |081 |085 |051 |043 |093 |096 |098 |093 |075 |057 |058 |056 |051 |042 |047 |034 |036 |043 |060 |063 |063 |
 09|063 |070 |058 |073 |079 |100 |106 |114 |120 |108 |118 |087 |090 |086 |064 |064 |040 |040 |028 |044 |030 |058 |067 |058 |
 10|066 |067 |057 |084 |103 |076 |056 |091 |118 |024 |000 |064 |082 |060 |061 |049 |044 |030 |037 |043 |041 |049 |070 |091 |
 11|103 |079 |122 |115 |077 |000 |066 |000 |000 |000 |000 |047 |045 |044 |000 |000 |050 |047 |051 |038 |051 |049 |062 |055 |
 12|050 |059 |073 |086 |082 |058 |071 |066 |072 |103 |087 |059 |065 |065 |047 |041 |032 |051 |029 |053 |053 |056 |060 |059 |
 13|063 |053 |059 |089 |095 |101 |092 |068 |078 |054 |041 |043 |042 |040 |048 |044 |022 |031 |024 |048 |043 |048 |055 |048 |
 14|041 |066 |078 |080 |096 |102 |053 |025 |054 |049 |055 |075 |043 |051 |044 |033 |024 |029 |037 |034 |035 |046 |063 |069 |
 15|070 |067 |099 |087 |077 |091 |085 |092 |106 |076 |083 |077 |069 |064 |067 |059 |047 |031 |034 |030 |043 |050 |036 |059 |
 16|074 |108 |093 |093 |090 |054 |064 |096 |076 |092 |100 |104 |079 |091 |079 |079 |046 |035 |038 |049 |051 |072 |000 |000 |
 17|000 |000 |000 |000 |000 |000 |141 |141 |113 |101 |062 |078 |074 |213 |089 |055 |037 |028 |041 |033 |052 |058 |083 |086 |
 18|074 |084 |090 |104 |101 |054 |060 |065 |087 |091 |096 |072 |068 |050 |066 |061 |047 |032 |030 |040 |047 |056 |072 |058 |
 19|065 |061 |079 |086 |088 |107 |111 |119 |134 |122 |101 |097 |078 |073 |059 |055 |049 |037 |035 |053 |053 |058 |057 |086 |
 20|091 |091 |097 |083 |113 |129 |124 |119 |099 |082 |120 |095 |083 |084 |066 |067 |044 |046 |049 |035 |054 |062 |081 |066 |
 21|091 |099 |081 |117 |134 |136 |138 |134 |131 |120 |102 |099 |088 |091 |066 |040 |040 |052 |055 |042 |055 |070 |086 |000 |
 22|000 |102 |101 |116 |111 |090 |081 |112 |107 |103 |103 |087 |079 |073 |072 |065 |045 |043 |035 |037 |055 |070 |075 |084 |
 23|083 |098 |107 |105 |125 |112 |127 |131 |150 |139 |112 |095 |126 |115 |097 |078 |073 |070 |045 |057 |073 |082 |070 |069 |
 24|090 |106 |089 |092 |000 |111 |135 |148 |162 |143 |129 |090 |088 |075 |068 |060 |070 |053 |065 |055 |060 |092 |091 |066 |
 25|115 |113 |107 |119 |114 |032 |057 |079 |095 |079 |115 |098 |084 |089 |081 |064 |062 |049 |037 |050 |054 |073 |076 |076 |
 26|090 |102 |109 |119 |132 |135 |131 |123 |131 |125 |101 |076 |074 |081 |079 |064 |078 |000 |000 |000 |068 |082 |000 |001 |
 27|000 |000 |000 |000 |115 |000 |000 |000 |149 |123 |113 |099 |070 |093 |000 |070 |066 |056 |070 |051 |076 |081 |091 |096 |
 28|114 |104 |117 |123 |104 |160 |137 |021 |001 |001 |043 |064 |066 |068 |073 |072 |043 |037 |032 |045 |051 |065 |088 |096 |
 29|091 |072 |103 |104 |101 |103 |064 |065 |105 |061 |048 |043 |065 |057 |062 |064 |067 |017 |??? |??? |??? |??? |??? |??? |
 30|??? |??? |??? |??? |??? |??? |??? |??? |??? |??? |??? |??? |??? |??? |??? |??? |??? |??? |??? |??? |??? |??? |??? |??? |
 31|??? |??? |??? |??? |??? |??? |??? |??? |??? |??? |??? |??? |??? |??? |??? |??? |??? |??? |??? |??? |??? |??? |??? |??? |
[Observer]SVAKOV-R6
[Country]Czech Republic
[City]Sobeslav
[Longitude]014d4129 E
[Latitude]049d1538 N
[Longitude GMAP]014.6914880
[Latitude GMAP]049.2607110
[Frequencies]143 050 000 Hz
[Antenna]1/4 GP
[Azimut Antenna] 0
[Elevation Antenna] 0
[Pre-Amplifier]LNA01A www.mlab.cz
[Receiver]RMDS02C www.mlab.cz
[Observing Method]Fordward scattering
[Remarks]IonPC Atom
[Soft FTP]Astrozor pyRMOBgen v1.9 - astrozor.cz, bolidozor.cz MultiGen (RadioObserver) - https://github.com/bolidozor/rmob-export
[E]kakl@astro.cz
