may| 00h| 01h| 02h| 03h| 04h| 05h| 06h| 07h| 08h| 09h| 10h| 11h| 12h| 13h| 14h| 15h| 16h| 17h| 18h| 19h| 20h| 21h| 22h| 23h|
 01|020 |018 |021 |021 |026 |029 |021 |026 |023 |023 |014 |012 |016 |018 |015 |014 |022 |014 |015 |005 |009 |012 |012 |013 |
 02|015 |013 |012 |009 |026 |024 |028 |028 |032 |027 |033 |042 |034 |028 |032 |017 |009 |009 |002 |000 |008 |006 |000 |002 |
 03|000 |000 |000 |000 |000 |001 |000 |007 |018 |033 |023 |024 |022 |012 |019 |020 |018 |165 |009 |013 |005 |007 |006 |008 |
 04|021 |042 |037 |051 |035 |048 |044 |017 |017 |013 |015 |011 |039 |034 |044 |015 |014 |013 |006 |010 |004 |009 |006 |054 |
 05|018 |033 |031 |048 |048 |067 |039 |023 |013 |013 |021 |026 |025 |018 |017 |019 |005 |012 |005 |007 |013 |005 |012 |009 |
 06|041 |040 |042 |038 |053 |040 |069 |019 |008 |009 |010 |010 |035 |023 |019 |008 |010 |008 |006 |014 |005 |006 |015 |032 |
 07|020 |049 |030 |042 |055 |038 |049 |019 |031 |025 |035 |026 |014 |020 |026 |030 |018 |020 |013 |012 |014 |010 |022 |024 |
 08|034 |031 |040 |056 |036 |047 |042 |044 |038 |036 |035 |038 |042 |054 |037 |036 |015 |017 |019 |017 |018 |017 |029 |018 |
 09|028 |029 |033 |037 |050 |056 |038 |036 |033 |034 |028 |026 |037 |054 |045 |034 |015 |017 |016 |023 |015 |016 |017 |016 |
 10|026 |023 |020 |028 |033 |027 |032 |039 |039 |009 |001 |032 |034 |046 |042 |027 |021 |023 |020 |017 |013 |016 |016 |023 |
 11|035 |028 |044 |042 |038 |031 |020 |033 |045 |035 |029 |044 |041 |036 |024 |030 |014 |020 |016 |003 |008 |007 |027 |021 |
 12|020 |019 |021 |024 |032 |031 |033 |022 |013 |016 |018 |040 |041 |053 |041 |025 |014 |017 |021 |006 |007 |012 |009 |025 |
 13|023 |034 |018 |025 |033 |038 |025 |027 |018 |009 |010 |018 |022 |088 |025 |087 |028 |019 |015 |014 |013 |059 |071 |024 |
 14|029 |042 |046 |049 |041 |032 |040 |034 |037 |024 |038 |055 |058 |060 |044 |025 |023 |019 |021 |019 |020 |206 |207 |033 |
 15|024 |037 |039 |042 |041 |038 |042 |043 |016 |016 |024 |018 |013 |023 |030 |020 |019 |020 |033 |036 |013 |016 |017 |047 |
 16|023 |029 |021 |025 |036 |028 |027 |040 |029 |027 |018 |016 |030 |045 |053 |028 |018 |021 |024 |014 |024 |021 |010 |026 |
 17|041 |021 |029 |030 |093 |117 |048 |040 |038 |028 |037 |022 |020 |034 |037 |026 |017 |032 |024 |020 |038 |009 |016 |037 |
 18|022 |022 |036 |044 |043 |056 |056 |044 |010 |007 |009 |011 |030 |020 |071 |037 |024 |036 |019 |024 |010 |006 |010 |032 |
 19|030 |022 |038 |034 |038 |052 |040 |018 |011 |007 |004 |013 |021 |020 |018 |028 |021 |009 |008 |007 |003 |015 |055 |041 |
 20|036 |051 |051 |047 |036 |053 |053 |038 |016 |016 |010 |023 |019 |035 |073 |060 |018 |017 |009 |012 |003 |013 |033 |030 |
 21|025 |042 |038 |062 |050 |033 |040 |047 |048 |048 |041 |027 |031 |039 |026 |058 |085 |007 |004 |013 |012 |009 |022 |021 |
 22|022 |036 |034 |036 |044 |038 |018 |021 |014 |020 |032 |034 |030 |033 |097 |114 |086 |034 |024 |012 |021 |023 |059 |187 |
 23|129 |083 |039 |034 |051 |040 |052 |055 |031 |037 |038 |034 |021 |038 |051 |092 |043 |032 |038 |027 |032 |017 |034 |113 |
 24|130 |031 |031 |032 |053 |047 |048 |043 |043 |038 |023 |033 |030 |057 |030 |045 |042 |020 |021 |042 |034 |019 |030 |030 |
 25|026 |022 |095 |048 |048 |054 |022 |043 |060 |033 |037 |066 |070 |017 |068 |043 |037 |029 |015 |034 |018 |003 |??? |??? |
 26|??? |??? |??? |??? |??? |??? |??? |??? |??? |??? |??? |??? |??? |??? |??? |??? |??? |??? |??? |??? |??? |??? |??? |??? |
 27|??? |??? |??? |??? |??? |??? |??? |??? |??? |??? |??? |??? |??? |??? |??? |??? |??? |??? |??? |??? |??? |??? |??? |??? |
 28|??? |??? |??? |??? |??? |??? |??? |??? |??? |??? |??? |??? |??? |??? |??? |??? |??? |??? |??? |??? |??? |??? |??? |??? |
 29|??? |??? |??? |??? |??? |??? |??? |??? |??? |??? |??? |??? |??? |??? |??? |??? |??? |??? |??? |??? |??? |??? |??? |??? |
 30|??? |??? |??? |??? |??? |??? |??? |??? |??? |??? |??? |??? |??? |??? |??? |??? |??? |??? |??? |??? |??? |??? |??? |??? |
 31|??? |??? |??? |??? |??? |??? |??? |??? |??? |??? |??? |??? |??? |??? |??? |??? |??? |??? |??? |??? |??? |??? |??? |??? |
[Observer]uFlu-R1
[Country]Czech republic
[City]Prague
[Longitude]014d2920 E
[Latitude]050d445 N
[Longitude GMAP]14.489104
[Latitude GMAP]50.079423
[Frequencies]140 050 000 Hz
[Antenna]1/4GP
[Azimut Antenna] 0
[Elevation Antenna] 0
[Pre-Amplifier]LNA01A www.mlab.cz
[Receiver]RMDS02C www.mlab.cz
[Observing Method]Fordward scattering
[Remarks]ODROID-X2
[Soft FTP]Astrozor pyRMOBgen v1.9 - astrozor.cz, bolidozor.cz MultiGen (RadioObserver) - https://github.com/bolidozor/rmob-export
[E]kaklik@mlab.cz
