mar| 00h| 01h| 02h| 03h| 04h| 05h| 06h| 07h| 08h| 09h| 10h| 11h| 12h| 13h| 14h| 15h| 16h| 17h| 18h| 19h| 20h| 21h| 22h| 23h|
 01|014 |027 |023 |026 |024 |016 |024 |035 |045 |035 |021 |029 |017 |015 |013 |012 |015 |010 |011 |010 |005 |002 |007 |012 |
 02|008 |024 |022 |025 |028 |034 |025 |028 |047 |022 |042 |027 |016 |026 |017 |011 |014 |012 |005 |009 |002 |007 |005 |008 |
 03|019 |022 |016 |019 |035 |027 |024 |024 |034 |031 |010 |016 |022 |020 |016 |021 |014 |013 |009 |003 |015 |006 |008 |016 |
 04|013 |017 |028 |020 |035 |027 |030 |022 |005 |034 |026 |031 |026 |023 |020 |023 |018 |015 |014 |012 |008 |005 |007 |017 |
 05|021 |019 |024 |025 |020 |025 |035 |016 |017 |000 |040 |035 |026 |008 |012 |019 |017 |007 |011 |004 |004 |003 |003 |015 |
 06|022 |032 |021 |026 |031 |020 |026 |017 |010 |036 |031 |036 |020 |023 |023 |028 |005 |011 |015 |007 |003 |006 |002 |013 |
 07|022 |018 |018 |022 |042 |030 |030 |012 |022 |025 |033 |024 |016 |013 |013 |014 |013 |011 |010 |015 |009 |012 |016 |014 |
 08|017 |020 |017 |014 |019 |019 |025 |028 |023 |021 |022 |035 |033 |017 |015 |011 |017 |008 |018 |010 |006 |004 |010 |022 |
 09|013 |021 |029 |022 |031 |024 |029 |028 |015 |015 |033 |030 |021 |029 |005 |011 |005 |002 |001 |007 |006 |008 |007 |007 |
 10|012 |016 |016 |019 |029 |026 |023 |023 |012 |015 |005 |010 |002 |010 |004 |016 |013 |003 |016 |001 |006 |006 |005 |009 |
 11|019 |026 |022 |026 |030 |031 |029 |028 |013 |006 |013 |020 |029 |023 |021 |013 |020 |015 |012 |009 |002 |006 |005 |002 |
 12|016 |020 |023 |029 |037 |025 |032 |039 |013 |031 |038 |030 |021 |017 |023 |010 |013 |011 |002 |013 |000 |007 |011 |018 |
 13|018 |026 |023 |020 |019 |031 |027 |018 |014 |013 |014 |018 |028 |018 |012 |003 |006 |009 |006 |023 |012 |015 |014 |022 |
 14|019 |023 |011 |024 |018 |031 |022 |024 |012 |025 |023 |020 |021 |019 |024 |014 |139 |178 |074 |016 |012 |005 |010 |018 |
 15|018 |027 |018 |010 |040 |028 |030 |027 |016 |024 |026 |016 |017 |017 |016 |014 |012 |010 |008 |004 |004 |006 |004 |010 |
 16|022 |028 |023 |028 |041 |019 |014 |016 |032 |007 |008 |008 |010 |016 |024 |014 |017 |006 |005 |010 |002 |003 |010 |004 |
 17|004 |028 |021 |014 |020 |037 |032 |020 |007 |012 |020 |008 |009 |010 |009 |009 |008 |009 |009 |011 |014 |023 |006 |007 |
 18|006 |018 |024 |021 |025 |023 |031 |022 |013 |006 |003 |011 |022 |023 |017 |016 |013 |010 |011 |012 |024 |010 |005 |012 |
 19|018 |022 |026 |031 |028 |000 |030 |011 |010 |033 |026 |020 |032 |029 |022 |014 |015 |005 |003 |002 |006 |005 |006 |005 |
 20|021 |018 |032 |019 |032 |021 |018 |022 |009 |012 |013 |011 |009 |021 |020 |009 |007 |013 |011 |017 |010 |014 |016 |011 |
 21|025 |015 |023 |011 |019 |028 |035 |029 |015 |018 |017 |027 |018 |021 |012 |038 |009 |008 |008 |007 |012 |021 |013 |003 |
 22|??? |??? |??? |??? |??? |??? |??? |??? |??? |??? |??? |??? |??? |??? |??? |??? |??? |??? |??? |??? |??? |??? |??? |??? |
 23|??? |??? |??? |??? |??? |??? |??? |??? |??? |??? |??? |??? |??? |??? |??? |??? |??? |??? |??? |??? |??? |??? |001 |013 |
 24|014 |016 |022 |019 |022 |029 |023 |028 |021 |006 |016 |019 |015 |028 |018 |019 |017 |006 |004 |013 |006 |004 |011 |017 |
 25|017 |021 |019 |030 |029 |027 |022 |028 |047 |019 |013 |013 |010 |018 |015 |012 |006 |009 |009 |005 |006 |005 |005 |004 |
 26|019 |020 |024 |022 |031 |022 |022 |019 |012 |027 |028 |021 |009 |008 |010 |017 |012 |013 |005 |008 |007 |008 |004 |015 |
 27|018 |021 |020 |025 |025 |032 |025 |019 |042 |022 |010 |015 |016 |027 |013 |023 |018 |004 |007 |002 |007 |015 |019 |008 |
 28|022 |018 |029 |023 |022 |031 |031 |023 |020 |026 |021 |023 |023 |017 |010 |015 |010 |008 |008 |005 |009 |006 |009 |010 |
 29|010 |006 |010 |010 |012 |016 |014 |018 |026 |022 |029 |029 |017 |011 |022 |013 |009 |010 |012 |007 |005 |002 |010 |019 |
 30|017 |027 |014 |025 |022 |027 |023 |030 |041 |016 |010 |014 |012 |013 |017 |009 |009 |003 |009 |001 |005 |009 |000 |021 |
 31|018 |019 |024 |021 |027 |024 |017 |030 |024 |009 |008 |026 |000 |018 |015 |024 |013 |003 |005 |006 |??? |??? |??? |??? |
[Observer]uFlu-R1
[Country]Czech republic
[City]Prague
[Longitude]014d2920 E
[Latitude]050d445 N
[Longitude GMAP]14.489104
[Latitude GMAP]50.079423
[Frequencies]140 050 000 Hz
[Antenna]1/4GP
[Azimut Antenna] 0
[Elevation Antenna] 0
[Pre-Amplifier]LNA01A www.mlab.cz
[Receiver]RMDS02C www.mlab.cz
[Observing Method]Fordward scattering
[Remarks]ODROID-X2
[Soft FTP]Astrozor pyRMOBgen v1.8 - astrozor.cz, bolidozor.cz MultiGen (RadioObserver) - https://github.com/bolidozor/rmob-export
[E]kaklik@mlab.cz
