mar| 00h| 01h| 02h| 03h| 04h| 05h| 06h| 07h| 08h| 09h| 10h| 11h| 12h| 13h| 14h| 15h| 16h| 17h| 18h| 19h| 20h| 21h| 22h| 23h|
 01|  1 |  1 |  0 |  2 |  0 |  1 |  0 |  0 |  10|  6 |  28|  51|  14|  16|  0 |  0 |  0 |  0 |  10|  24|  51|  58|  16|  1 |
 02|  0 |  0 |  0 |  0 |  1 |  0 |  0 |  10|  8 |  1 |  9 | 259|  59| 163|  11|  1 |  14|  26| 160| 344|  77|  1 |  10|  0 |
 03|  0 |  0 |  0 |  0 |  0 |  0 |  1 |  14|  36|  1 |  20|  11|  39|  29|  41|  9 |  0 |  1 |  3 |  1 |  70|  38|  11|  0 |
 04|  0 |  0 |  0 |  0 |  0 |  0 |  0 |  40|  34|  1 |  42|  38|  0 |  36|  51|  32|  0 |  10|  8 |  3 |  25|  33|  2 |  7 |
 05|  0 |  0 |  0 |  0 |  0 |  0 |  0 |  21| 124| 265| 151|  30|  7 |  69|  35|  61|  5 |  70|  64| 232|  52|  5 |  1 |  1 |
 06|  0 |  0 |  0 |  0 |  0 |  0 |  0 |  3 |  1 |  10|  16|  39|  18|  35|  6 |  4 |  10|  5 |  5 |  29|  5 |  36|  4 |  22|
 07|  16|  0 |  0 |  0 |  0 |  0 |  0 |  0 |  1 |  8 |  7 |  6 |  5 |  6 |  2 |  9 |  1 |  2 |  3 |  9 |  11|  25|  17|  4 |
 08| 367| 462| 521| 523|  38|  0 |  0 |  0 |  0 |  1 |  0 |  22|  16|  3 |  1 |  0 |  0 |  40|  13|  5 |  2 |  56|  10|  4 |
 09|  0 |  0 |  0 |  0 |  0 |  0 |  0 |  9 |  20|  20|  41|  16|  6 |  2 |  4 |  24|  19|  30| 161| 167|  32|  49|  19|  18|
 10|  0 |  0 |  0 |  0 |  0 |  0 |  0 |  4 |  4 |  29|  5 |  7 |  16|  6 |  14|  0 |  4 | 120| 121|  67|  18|  24|  5 |  0 |
 11|  0 |  0 |  0 |  0 |  0 |  0 |  0 |  0 |  0 |  12|  1 |  36|  11|  1 |  16|  25|  9 |  48|  0 |  61|  52|  17|  14|  2 |
 12|  3 |  0 |  1 |  0 |  0 |  0 |  0 |  34|  10|  24|  1 |  55|  22|  13|  29|  18|  16|  7 |  69|  33|  3 |  0 |  19|  21|
 13|  0 |  2 |  0 |  0 |  0 |  0 |  0 |  0 |  11|  3 |  0 |  0 |  0 |  47|  28|  29|  2 |  5 |  17|  24| 121|  17|  7 |  4 |
 14|  5 |  0 |  0 |  0 |  0 |  0 |  0 |  0 |  0 |  10|  36|  39|  11|  25|  11|  6 |  6 |  10|  8 |  11|  38|  14|  0 |  0 |
 15|  1 |  1 |  2 |  0 |  0 |  0 |  0 |  0 |  0 |  22|  12|  13|  6 |  21|  12|  6 |  8 |  3 |  2 |  24|  49|  7 |  10|  4 |
 16|  0 |  0 |  0 |  0 |  1 |  1 |  0 |  0 |  1 |  12|  35|  26|  16|  1 |  17|  2 |  7 |  7 |  0 |  0 |  10|  16|  1 |  1 |
 17|  0 |  0 |  0 |  0 |  0 |  0 |  1 |  2 |  0 |  0 |  0 |  20|  35|  4 |  10|  3 |  5 |  5 |  0 |  1 |  1 |  1 |  2 |  11|
 18|  28|  4 |  1 |  1 |  0 |  0 |  0 |  0 |  0 |  0 |  0 |  3 |  4 |  10|  3 |  2 |  2 |  2 |  5 |  0 |  0 |  27|  3 |  1 |
 19|  1 |  0 |  43|  0 |  0 |  1 |  0 |  0 |  0 |  0 |  0 |  1 |  0 |  3 |  21|  1 |  1 |  9 |  13|  1 |  2 |  5 |  1 |  2 |
 20|  4 |  4 |  0 |  0 |  0 |  0 |  0 |  0 |  0 |  0 |  0 |  16|  12|  3 |  3 |  9 |  7 |  11|  0 |  0 |  0 |  10|  7 |  0 |
 21|  0 |  0 |  1 |  0 |  0 |  0 |  0 |  0 |  0 |  0 |  0 |  45|  21|  21|??? |  21|  23|  2 |??? |??? |  13|??? |??? |??? |
 22|??? |??? |??? |??? |??? |??? |??? |??? |??? |??? |??? |??? |??? |??? |??? |??? |??? |??? |??? |??? |??? |??? |??? |??? |
 23|??? |??? |??? |??? |??? |??? |??? |??? |  11|  5 |  2 |  22|  0 |  0 |  0 |  2 |  9 |  0 |  16|  48|  73|  6 |  1 |  0 |
 24|  0 |  0 |  0 |  0 |  0 |  0 |  0 |  12|  12|  0 |  25|  11|  9 |  33|??? |??? |??? |??? |??? |??? |  35|  0 |  0 |  0 |
 25|  0 |  0 |  0 |  0 |  0 |  0 |  0 |  12|  12|  8 |??? |??? |??? |??? |??? |??? |??? |??? |??? |??? |  7 |  8 |  7 |  0 |
 26|  0 |  0 |  0 |  0 |  0 |  0 |  0 |  17|  11|  1 |  7 |  0 |  11|  1 |  11|  8 |  4 |  0 |  0 |  9 |??? |??? |??? |??? |
 27|??? |??? |??? |??? |??? |??? |??? |??? |??? |??? |??? |??? |??? |??? |??? |??? |??? |??? |  11|  11|  14|  12|  2 |  0 |
 28|  0 |  0 |  0 |  0 |  0 |  0 |  0 |  0 |  0 |  1 |  9 |  0 |  0 |  0 |  24|  8 |  3 |  6 |  33|  3 |  5 |  34|  16|  0 |
 29|  0 |  0 |  0 |  0 |  0 |  0 |  0 |  0 |  0 |  0 |  0 |  0 |  0 |  0 |  0 |  0 |  0 |  0 |  0 |  15|??? |  3 |  5 |  0 |
 30|  1 |  0 |  0 |  0 |  0 |  0 |  0 |  8 |  3 |  10|  10|  5 |  4 |  20|  25|  35|  35|  25|  1 |  0 |  51|  38|  3 |  0 |
 31|  15|  11|  1 |  0 |  0 |  0 |  0 |  0 |  24|  1 |  1 |  0 |  2 |  33|  59| 238|  99|  16|  8 |  8 |  18|  39|  0 |  0 |
[Observer]www.albirea.es Victor_Soriano
[Country]Spain 
[City]Tuejar, Valencia
[Longitude]001°0238 W
[Latitude ]039°4653 N
[Longitude GMAP]-1.04400499999997
[Latitude GMAP]39.781405 
[Frequencies]142.049.000
[Antenna]TELEVES
[Azimut Antenna]90
[Elevation Antenna]90
[Pre-Amplifier]no
[Receiver]usab tdv 202 t
[Observing Method]HROFFT
[Remarks]DELL latitude
[Soft FTP]Colorgramme RMOB Lab v 2.8
[E]`gofIhek`{lh'lz
