feb| 00h| 01h| 02h| 03h| 04h| 05h| 06h| 07h| 08h| 09h| 10h| 11h| 12h| 13h| 14h| 15h| 16h| 17h| 18h| 19h| 20h| 21h| 22h| 23h|
 01|??? |  0 |  0 |  0 |  0 |  0 |  0 |  0 |  0 |  28|  32|  14|  9 |  8 |  0 |  0 |  6 |  0 |  16| 160| 130|  40|??? |??? |
 02|??? |  0 |  0 |  0 |  0 |  0 |  0 |  7 |  16|  0 |  4 |  26|  2 |??? |??? |??? |??? |  0 |  80|  14|  3 |  6 |  7 |  10|
 03|  4 |  1 |  1 |  1 |  0 |  0 |  0 |  29|  7 |  4 |  17|  1 |  33|  38|??? |  0 |  10|  6 | 113|  44|??? |??? |  15|  0 |
 04|  0 |  0 |  0 |  0 |  0 |  0 |  0 |  13|  7 |  1 |  2 |  0 |  55|  46|  5 |  18|  3 |  26|  34|  18|  15|  2 |  1 |  0 |
 05|  0 |  0 |  0 |  0 |  0 |  1 |  0 |  1 |  1 |  14|??? |??? |??? |??? |??? |??? |??? |  10|  6 |  5 | 124|  6 |  0 |  1 |
 06|  0 |  0 |  0 |  0 |  0 |  0 |  0 |  0 |  17|  1 |  10|  28|  31|  11|  8 |  63|  82|  5 |  75|  49|  48|  23|  0 |  7 |
 07|  5 |  0 |  0 |  0 |  0 |  0 |  0 |  0 |  0 |  0 |  0 |  5 |  17|  17|  30|  6 |  0 |  13|  17|  9 |  20|  0 |  0 |  0 |
 08|  34|  18|  0 |  0 |  0 |  0 |  0 |  0 |  0 |  0 |  6 |  15|  0 |  0 |  0 |  0 |  0 |  0 |  8 |??? |??? |??? |  19|  0 |
 09|  1 |  0 |  0 |  0 |  0 |  0 |  0 |  0 |  0 |  0 |  0 |  22|  87|  62|  33|  17|  22|??? |??? |??? |  49|??? |??? |  5 |
 10|  0 |  0 |  0 |  0 |  0 |  0 |  0 |  0 |  9 |  1 |  0 |  0 |  0 |??? |??? |??? |??? |  22|??? |  11|  0 |  52|  9 |  12|
 11|  1 |  0 |  0 |  0 |  0 |  2 |  0 |  87|  32|  0 |  0 |  0 |  0 |  0 |  0 |  0 |  0 |  0 |  1 |  0 |  42|  41|  1 |  2 |
 12|  0 |  0 |  0 |  0 |  0 |  0 |  0 |  17|  90|  0 |  0 |  0 |  0 |  0 |  1 |  0 |  2 |  49|  59|  42|  89|  54|  9 |  0 |
 13|  0 |  0 |  0 |  0 |  0 |  0 |  0 |  15|  10|  6 |  12|  12|  31|  29|  17|  10|  6 |  33|  11|  49|  19|  62|  3 |  1 |
 14|  0 |  0 |  0 |  0 |  0 |  0 |  0 |  0 |  0 |  0 |  13|  50|  28|  3 |  33|  47|  44|  67|  21|  1 |  8 |  11|  1 |  2 |
 15|  0 |  0 |  0 |  0 |  0 |  0 |  0 |  0 |  0 |  0 |  0 |  10|  33|  7 |  54|  18|  14|  10|  17|  10|  30|  2 |  0 |  0 |
 16|  0 |  0 |  0 |  0 |  0 |  0 |  0 |  17|  15|  56|  37|??? |??? |??? |  18|  12|  1 |  13|  43|  61|  60|  10|  12|  1 |
 17|  0 |  0 |  0 |  0 |  0 |  0 |  1 |  26|  2 |  12|  16|  1 |  52|  41|  1 |  3 |  2 |  36|  43|  56| 186| 198|  10|  0 |
 18|  0 |  0 |  0 |  0 |  0 |  0 |  0 |  15|  19|  3 |  2 |  17|  37|  35|  13|  14|  13|  3 | 119| 289| 147|  44|  49|  5 |
 19|  0 |  0 |  0 |  0 |  0 |  0 |  0 |  10|  17|  42|  1 |  1 |  0 |  29|  14|  10|  0 |  12|  20|  18|  51|  24| 118|??? |
 20|??? |  0 |  0 |  0 |  0 |  0 |  0 |  4 |  73|  65|  3 |  1 |  6 |  10|  17|??? |  12|  33|  0 |  0 |  0 |  0 |  0 |  0 |
 21|  0 |  0 |  0 |  0 |??? |??? |??? |??? |??? |??? |??? |??? |??? |??? |??? |??? |??? |??? |??? |??? |??? |??? |??? |??? |
 22|??? |??? |??? |??? |??? |??? |??? |??? |??? |??? |??? |??? |??? |??? |  33|  16|  4 |  15|  49|  35|  4 |  13|  1 |  0 |
 23|  0 |  0 |  0 |  0 |  0 |  0 |  0 |  19|  2 |  0 |  8 |??? |??? |??? |??? |  5 |  2 |  19|  28|  15|  11|  2 |  0 |  0 |
 24|  0 |  0 |  0 |  0 |  0 |  0 |  0 |  8 |  5 |  0 |  6 |  26|  9 |  52| 111|  1 |  4 |  6 |  4 |  10|  23|  21|  0 |  5 |
 25|  5 |  0 |  0 |  0 |  0 |  0 |  0 |  11|  13|  0 |  0 |  0 |  2 |  0 |  6 |  2 |  20|  31|  38|  34| 344| 210|  19|  6 |
 26|  2 |  0 |  0 |  0 |  0 |  0 |  0 |  81|  3 |  1 |  3 |  5 |  12|  8 |  15|  0 |  3 |  32|  17|??? |??? |??? |??? |  7 |
 27|  5 |  0 |  0 |  0 |  0 |  0 |  0 |  21|  17|  0 |  2 |  0 |  3 |  4 |  66|  37|  64| 114|  64|  80|  53|  46|  26|  0 |
 28|  6 |  2 |  0 |  0 |  0 |  0 |  5 |  3 |  4 |  10|  37|  34|  44|  6 |  61|  38|  22|  14|  21|  0 |  0 |  23|  54|  46|
 29|??? |??? |??? |??? |??? |??? |??? |??? |??? |??? |??? |??? |??? |??? |??? |??? |??? |??? |??? |??? |??? |??? |??? |??? |
 30|??? |??? |??? |??? |??? |??? |??? |??? |??? |??? |??? |??? |??? |??? |??? |??? |??? |??? |??? |??? |??? |??? |??? |??? |
 31|??? |??? |??? |??? |??? |??? |??? |??? |??? |??? |??? |??? |??? |??? |??? |??? |??? |??? |??? |??? |??? |??? |??? |??? |
[Observer]www.albirea.es Victor_Soriano
[Country]Spain 
[City]Tuejar, Valencia
[Longitude]001°0238 W
[Latitude ]039°4653 N
[Longitude GMAP]-1.04400499999997
[Latitude GMAP]39.781405 
[Frequencies]142.049.000
[Antenna]TELEVES
[Azimut Antenna]90
[Elevation Antenna]90
[Pre-Amplifier]no
[Receiver]usab tdv 202 t
[Observing Method]HROFFT
[Remarks]DELL latitude
[Soft FTP]Colorgramme RMOB Lab v 2.8
[E]`gofIhek`{lh'lz
