feb| 00h| 01h| 02h| 03h| 04h| 05h| 06h| 07h| 08h| 09h| 10h| 11h| 12h| 13h| 14h| 15h| 16h| 17h| 18h| 19h| 20h| 21h| 22h| 23h|
 01|037 |031 |000 |041 |040 |053 |046 |049 |076 |034 |043 |039 |024 |030 |016 |023 |020 |019 |022 |016 |025 |029 |025 |045 |
 02|034 |040 |036 |033 |045 |034 |036 |057 |053 |055 |054 |043 |030 |031 |023 |010 |012 |021 |014 |018 |027 |026 |036 |031 |
 03|043 |035 |042 |051 |042 |054 |030 |041 |036 |035 |033 |044 |021 |027 |026 |024 |015 |014 |010 |027 |019 |018 |000 |028 |
 04|037 |032 |034 |032 |037 |727 |026 |043 |035 |027 |040 |027 |022 |032 |084 |013 |015 |010 |010 |011 |012 |029 |033 |036 |
 05|035 |052 |042 |041 |050 |041 |306 |629 |211 |502 |088 |031 |028 |028 |027 |013 |015 |013 |010 |018 |023 |020 |225 |030 |
 06|039 |003 |000 |000 |000 |004 |018 |026 |012 |022 |040 |084 |035 |093 |023 |119 |016 |015 |012 |018 |012 |029 |019 |038 |
 07|032 |024 |032 |038 |037 |038 |033 |028 |023 |018 |024 |043 |030 |031 |019 |016 |006 |006 |014 |020 |022 |025 |029 |027 |
 08|031 |041 |037 |034 |038 |131 |058 |028 |036 |037 |036 |040 |032 |022 |014 |009 |026 |009 |023 |013 |021 |029 |024 |021 |
 09|036 |038 |031 |028 |022 |045 |046 |027 |040 |052 |035 |040 |026 |025 |029 |044 |019 |009 |019 |019 |017 |027 |031 |030 |
 10|026 |049 |035 |043 |045 |044 |040 |039 |038 |043 |026 |038 |038 |022 |014 |020 |021 |016 |009 |022 |023 |026 |026 |035 |
 11|024 |042 |043 |039 |030 |019 |006 |001 |014 |024 |006 |000 |000 |000 |000 |006 |000 |001 |000 |000 |000 |000 |000 |000 |
 12|000 |000 |000 |000 |000 |000 |000 |000 |020 |034 |034 |022 |023 |017 |016 |020 |019 |021 |016 |022 |012 |009 |016 |029 |
 13|028 |039 |038 |032 |049 |033 |034 |027 |034 |037 |023 |038 |024 |021 |020 |069 |018 |015 |026 |012 |011 |019 |022 |020 |
 14|025 |029 |038 |031 |033 |038 |024 |030 |021 |104 |007 |004 |034 |042 |022 |020 |012 |019 |007 |008 |010 |028 |025 |045 |
 15|048 |066 |063 |059 |062 |059 |041 |042 |025 |022 |012 |021 |015 |026 |026 |016 |025 |016 |005 |004 |008 |011 |031 |041 |
 16|048 |052 |049 |061 |056 |051 |046 |049 |040 |033 |032 |037 |023 |028 |006 |020 |013 |009 |007 |003 |015 |008 |012 |035 |
 17|045 |047 |054 |048 |068 |051 |046 |025 |042 |034 |039 |046 |033 |029 |022 |027 |017 |015 |004 |008 |128 |009 |007 |021 |
 18|039 |042 |038 |039 |045 |047 |037 |016 |047 |046 |037 |037 |047 |031 |036 |020 |026 |016 |025 |036 |023 |035 |037 |041 |
 19|039 |050 |049 |047 |045 |043 |046 |037 |053 |047 |055 |057 |043 |035 |022 |021 |023 |025 |018 |027 |028 |025 |031 |034 |
 20|039 |043 |045 |043 |040 |045 |035 |035 |045 |044 |050 |046 |044 |017 |000 |000 |000 |000 |000 |000 |000 |000 |000 |001 |
 21|000 |001 |001 |000 |000 |000 |000 |000 |000 |000 |000 |000 |001 |003 |006 |005 |008 |005 |006 |010 |012 |007 |007 |014 |
 22|014 |010 |011 |012 |012 |016 |013 |018 |016 |012 |014 |017 |009 |010 |007 |005 |004 |005 |006 |000 |002 |004 |009 |009 |
 23|011 |013 |020 |030 |020 |016 |021 |018 |022 |008 |010 |013 |010 |008 |021 |016 |008 |005 |011 |009 |007 |017 |024 |026 |
 24|025 |027 |020 |020 |032 |036 |050 |038 |038 |031 |047 |046 |038 |020 |010 |018 |015 |014 |015 |004 |024 |022 |023 |023 |
 25|035 |051 |040 |039 |035 |042 |050 |044 |036 |040 |056 |047 |039 |018 |058 |006 |016 |018 |005 |011 |012 |017 |031 |041 |
 26|040 |043 |044 |049 |121 |440 |061 |034 |042 |047 |041 |049 |055 |045 |027 |012 |017 |008 |005 |009 |014 |018 |009 |208 |
 27|007 |??? |??? |??? |??? |??? |??? |??? |??? |??? |??? |??? |??? |??? |??? |??? |??? |??? |??? |??? |??? |??? |??? |??? |
 28|??? |??? |??? |??? |??? |??? |??? |??? |??? |??? |??? |??? |??? |??? |??? |??? |??? |??? |??? |??? |??? |??? |??? |??? |
 29|??? |??? |??? |??? |??? |??? |??? |??? |??? |??? |??? |??? |??? |??? |??? |??? |??? |??? |??? |??? |??? |??? |??? |??? |
 30|??? |??? |??? |??? |??? |??? |??? |??? |??? |??? |??? |??? |??? |??? |??? |??? |??? |??? |??? |??? |??? |??? |??? |??? |
 31|??? |??? |??? |??? |??? |??? |??? |??? |??? |??? |??? |??? |??? |??? |??? |??? |??? |??? |??? |??? |??? |??? |??? |??? |
[Observer]ZVPP-R2
[Country]Czech republic
[City]Ceske Budejovice
[Longitude]014d283 E
[Latitude]048d5913 N
[Longitude GMAP]014.4675321
[Latitude GMAP]048.9869761
[Frequencies]143 050 000 Hz
[Antenna]1/4GP
[Azimut Antenna] 0
[Elevation Antenna] 0
[Pre-Amplifier]LNA01A www.mlab.cz
[Receiver]RMDS01B www.mlab.cz
[Observing Method]Fordward scattering
[Remarks]IonPC Atom
[Soft FTP]Astrozor pyRMOBgen v1.8 - astrozor.cz, bolidozor.cz MultiGen (RadioObserver) - https://github.com/bolidozor/rmob-export
[E]roman-dvorak@email.cz
